171.65671252 -43.52216151
171.65991497 -43.52135884
171.67119928 -43.51852963
171.68248252 -43.51569930
171.69376471 -43.51286786
171.70504585 -43.51003531
171.71632596 -43.50720164
171.72760501 -43.50436686
171.73846028 -43.50162841
171.74931456 -43.49888892
171.76016788 -43.49614840
171.77102022 -43.49340684
171.78131700 -43.49035213
171.79161274 -43.48729650
171.80190744 -43.48423994
171.81220111 -43.48118245
171.82249373 -43.47812403
171.83278532 -43.47506469
171.84307587 -43.47200443
171.85321755 -43.46935008
171.86335834 -43.46669482
171.87349824 -43.46403867
171.88363726 -43.46138163
171.89377538 -43.45872368
171.90391263 -43.45606484
171.91404901 -43.45340509
171.92359400 -43.44980319
171.93313785 -43.44620050
171.94268056 -43.44259701
171.95222214 -43.43899273
171.96176258 -43.43538765
171.97130189 -43.43178177
171.98165346 -43.42839073
171.99200387 -43.42499875
172.00235312 -43.42160584
172.01270121 -43.41821199
172.02304814 -43.41481721
172.03339391 -43.41142149
172.04373852 -43.40802483
172.05408197 -43.40462725
172.06479032 -43.40132103
172.07549752 -43.39801381
172.08620356 -43.39470561
172.09690843 -43.39139641
172.10761213 -43.38808621
172.11831466 -43.38477501
172.12901602 -43.38146281
172.13971621 -43.37814962
172.15053162 -43.37527011
172.16134599 -43.37238958
172.17215934 -43.36950803
172.18297166 -43.36662546
172.19378295 -43.36374188
172.20459322 -43.36085728
172.21540245 -43.35797166
172.22682243 -43.35510191
172.23824132 -43.35223103
172.24965914 -43.34935901
172.26107587 -43.34648586
172.27249153 -43.34361158
172.28390610 -43.34073616
172.29531959 -43.33785961
172.30673199 -43.33498194
172.31742633 -43.33275979
172.32811989 -43.33053664
172.33881266 -43.32831250
172.34950464 -43.32608736
172.36019584 -43.32386123
172.37088626 -43.32163411
172.38157589 -43.31940600
172.39226473 -43.31717689
172.40295279 -43.31494680
172.41364008 -43.31271577
172.42393641 -43.31035673
172.43423194 -43.30799677
172.44452666 -43.30563590
172.45482059 -43.30327410
172.46511372 -43.30091137
172.47540605 -43.29854773
172.48569758 -43.29618318
172.49598832 -43.29381770
172.50664286 -43.29172081
172.51729667 -43.28962294
172.52794973 -43.28752408
172.53860206 -43.28542423
172.54925366 -43.28332339
172.55990451 -43.28122157
172.57055463 -43.27911876
172.58120400 -43.27701497
172.59247038 -43.27392998
172.60373561 -43.27084387
172.61499969 -43.26775663
172.62626262 -43.26466828
172.63752442 -43.26157884
172.64878507 -43.25848830
172.66004458 -43.25539665
172.67130295 -43.25230391
172.68107193 -43.24770069
172.69083945 -43.24309664
172.70060550 -43.23849176
172.71037007 -43.23388604
172.72013317 -43.22927949
172.72989481 -43.22467212
172.73965498 -43.22006391
172.74941368 -43.21545489
172.75341978 -43.21356237
172.76010498 -43.22087240
172.76679179 -43.22818201
172.77348018 -43.23549122
172.78017017 -43.24280001
172.78686176 -43.25010839
172.79355494 -43.25741636
172.79333809 -43.26632992
172.79312118 -43.27524344
172.79290423 -43.28415695
172.79268723 -43.29307044
172.79247019 -43.30198390
172.79225312 -43.31089734
172.79203599 -43.31981075
172.79181882 -43.32872415
172.79160160 -43.33763752
172.79138433 -43.34655087
172.79116701 -43.35546420
172.79094965 -43.36437751
172.79073223 -43.37329080
172.79051477 -43.38220407
172.79342350 -43.39094158
172.79633308 -43.39967899
172.79924355 -43.40841627
172.80215488 -43.41715343
172.80506712 -43.42589044
172.80798035 -43.43462729
172.81089460 -43.44336404
172.81380970 -43.45210081
172.81672540 -43.46083756
172.81964172 -43.46957418
172.82255880 -43.47831064
172.82547670 -43.48704696
172.83199886 -43.49396277
172.83852252 -43.50087818
172.84504770 -43.50779320
172.85157437 -43.51470782
172.85810254 -43.52162205
172.86463221 -43.52853589
172.87116337 -43.53544932
172.87769602 -43.54236237
172.88914766 -43.54570782
172.90060054 -43.54905212
172.91205467 -43.55239526
172.92351005 -43.55573725
172.93496666 -43.55907809
172.94642452 -43.56241778
172.95788361 -43.56575631
172.96934394 -43.56909369
172.98080550 -43.57242992
172.99226831 -43.57576500
173.00373235 -43.57909892
173.01519762 -43.58243169
173.02666414 -43.58576330
173.03813188 -43.58909376
173.04960087 -43.59242307
173.06107108 -43.59575122
173.07125818 -43.59999489
173.08144670 -43.60423765
173.09163662 -43.60847948
173.10182794 -43.61272039
173.11202067 -43.61696039
173.12221481 -43.62119947
173.13241035 -43.62543762
173.14260729 -43.62967486
173.15280564 -43.63391117
173.16300540 -43.63814657
173.17320656 -43.64238104
173.18340912 -43.64661459
173.19361309 -43.65084722
173.19560731 -43.65905880
173.19760208 -43.66727031
173.19959742 -43.67548176
173.20159332 -43.68369314
173.20358977 -43.69190446
173.20558679 -43.70011571
173.20758436 -43.70832690
173.20958249 -43.71653802
173.20961314 -43.72530037
173.20964383 -43.73406269
173.20967455 -43.74282499
173.20970531 -43.75158725
173.20973611 -43.76034948
173.20976695 -43.76911169
173.20979782 -43.77787387
173.20982873 -43.78663601
173.20985967 -43.79539813
173.20989065 -43.80416022
173.20676182 -43.81197570
173.20363221 -43.81979109
173.20050181 -43.82760638
173.19737062 -43.83542157
173.19423865 -43.84323666
173.19110589 -43.85105165
173.18797235 -43.85886654
173.18483801 -43.86668133
173.18170289 -43.87449602
173.17856698 -43.88231062
173.16828627 -43.88708851
173.15800392 -43.89186551
173.14771993 -43.89664159
173.13743431 -43.90141679
173.12714704 -43.90619108
173.11685813 -43.91096447
173.10656759 -43.91573695
173.09627541 -43.92050853
173.08598160 -43.92527921
173.07568615 -43.93004897
173.06538907 -43.93481783
173.05403672 -43.93672920
173.04268364 -43.93863946
173.03132981 -43.94054861
173.01997524 -43.94245665
173.00861993 -43.94436359
172.99726387 -43.94626941
172.98590707 -43.94817413
172.97454953 -43.95007774
172.96319125 -43.95198024
172.95183223 -43.95388164
172.94047247 -43.95578192
172.92911198 -43.95768109
172.91775074 -43.95957915
172.90598050 -43.95821043
172.89421077 -43.95684050
172.88244156 -43.95546937
172.87067285 -43.95409703
172.85890465 -43.95272349
172.84713697 -43.95134875
172.83536980 -43.94997280
172.82360314 -43.94859565
172.81183700 -43.94721729
172.80007137 -43.94583773
172.78830626 -43.94445697
172.77654167 -43.94307501
172.76477759 -43.94169184
172.75301403 -43.94030747
172.74327667 -43.93628666
172.73354059 -43.93226501
172.72380581 -43.92824252
172.71407231 -43.92421920
172.70434010 -43.92019504
172.69460918 -43.91617004
172.68487955 -43.91214420
172.67515120 -43.90811752
172.66542415 -43.90409001
172.65569838 -43.90006166
172.64391188 -43.90082035
172.63212506 -43.90157784
172.62033793 -43.90233413
172.60855048 -43.90308922
172.59676271 -43.90384311
172.58497463 -43.90459578
172.57318622 -43.90534726
172.56139751 -43.90609753
172.54960848 -43.90684660
172.53781914 -43.90759446
172.52602949 -43.90834112
172.51423953 -43.90908658
172.50244926 -43.90983084
172.49065867 -43.91057389
172.47886778 -43.91131573
172.46707658 -43.91205638
172.45528507 -43.91279582
172.44349325 -43.91353405
172.43231380 -43.91608382
172.42113338 -43.91863251
172.40995201 -43.92118011
172.39876967 -43.92372664
172.38758636 -43.92627209
172.37640209 -43.92881645
172.36521686 -43.93135974
172.35403067 -43.93390194
172.34284352 -43.93644307
172.33165541 -43.93898311
172.32046634 -43.94152207
172.30927632 -43.94405995
172.29808534 -43.94659674
172.28689339 -43.94913245
172.27570049 -43.95166708
172.26961179 -43.94402378
172.26352465 -43.93638012
172.25743906 -43.92873612
172.25135503 -43.92109176
172.24527255 -43.91344706
172.23919163 -43.90580200
172.23311225 -43.89815660
172.22703445 -43.89051085
172.22230806 -43.88351379
172.21758277 -43.87651651
172.21683457 -43.87070681
172.21608651 -43.86489709
172.20853365 -43.86038075
172.20098192 -43.85586389
172.19879212 -43.85034177
172.19660271 -43.84481959
172.19628327 -43.83787153
172.19596392 -43.83092345
172.19564465 -43.82397536
172.19050048 -43.81917669
172.18535712 -43.81437777
172.18021459 -43.80957862
172.17330539 -43.80377435
172.16639753 -43.79796965
172.15949098 -43.79216451
172.15127904 -43.79165812
172.14306723 -43.79115115
172.13641788 -43.78673569
172.12976950 -43.78231983
172.12312208 -43.77790357
172.11579938 -43.77290623
172.10847789 -43.76790840
172.10115762 -43.76291009
172.09383855 -43.75791130
172.08652068 -43.75291202
172.07566587 -43.75103960
172.06481173 -43.74916615
172.05548971 -43.74500768
172.04616897 -43.74084844
172.03684952 -43.73668843
172.02753134 -43.73252765
172.01821444 -43.72836611
172.00889882 -43.72420380
171.99958448 -43.72004072
171.99074490 -43.71678830
171.98190628 -43.71353520
171.97306860 -43.71028140
171.96335210 -43.70727704
171.95363657 -43.70427184
171.94392199 -43.70126581
171.93420838 -43.69825895
171.92449574 -43.69525126
171.91708973 -43.69064190
171.90968486 -43.68603204
171.90228112 -43.68142170
171.89487855 -43.67681088
171.88610376 -43.67067292
171.87733075 -43.66453429
171.86855953 -43.65839496
171.86103535 -43.65290240
171.85351254 -43.64740934
171.84599110 -43.64191577
171.83847102 -43.63642170
171.83095231 -43.63092712
171.82467002 -43.62514694
171.81838894 -43.61936640
171.81210905 -43.61358551
171.80583037 -43.60780427
171.79955289 -43.60202267
171.79280111 -43.59818086
171.78605020 -43.59433864
171.77930015 -43.59049602
171.77234717 -43.58491408
171.76539548 -43.57933172
171.75844507 -43.57374892
171.75149594 -43.56816569
171.74381637 -43.56331836
171.73613804 -43.55847052
171.72846094 -43.55362215
171.72078507 -43.54877325
171.71311042 -43.54392384
171.70171632 -43.54081832
171.69170100 -43.54025810
171.68168586 -43.53969701
171.67335981 -43.53385246
171.66503536 -43.52800729
171.65671252 -43.52216151
