171.54292667 -40.40068207
171.55156523 -40.39460767
171.56020222 -40.38853257
171.56883763 -40.38245677
171.57747146 -40.37638027
171.58610371 -40.37030307
171.59473439 -40.36422517
171.60336349 -40.35814657
171.61199101 -40.35206727
171.62061696 -40.34598728
171.62924134 -40.33990658
171.63786415 -40.33382520
171.64648538 -40.32774311
171.65510504 -40.32166033
171.66348972 -40.31565430
171.67187289 -40.30964762
171.68025455 -40.30364028
171.68863471 -40.29763228
171.69701339 -40.29162360
171.70539054 -40.28561428
171.71376617 -40.27960430
171.72214029 -40.27359367
171.73058860 -40.26778621
171.73903544 -40.26197809
171.74748081 -40.25616930
171.75592472 -40.25035985
171.76436716 -40.24454973
171.77280814 -40.23873894
171.78124766 -40.23292749
171.78968572 -40.22711537
171.79812231 -40.22130259
171.80655744 -40.21548915
171.81499111 -40.20967504
171.82430907 -40.20451569
171.83362561 -40.19935553
171.84294074 -40.19419458
171.85225445 -40.18903282
171.86156674 -40.18387026
171.87087762 -40.17870689
171.88018707 -40.17354273
171.88949511 -40.16837777
171.89880173 -40.16321201
171.90810692 -40.15804546
171.91741068 -40.15287811
171.92671303 -40.14770996
171.93601397 -40.14254102
171.94531348 -40.13737128
171.95461159 -40.13220074
171.96390827 -40.12702940
171.97320355 -40.12185727
171.98121092 -40.11805678
171.98921741 -40.11425569
171.99722300 -40.11045403
172.00522770 -40.10665177
172.01436987 -40.10146140
172.02351066 -40.09627026
172.03265007 -40.09107835
172.04178808 -40.08588566
172.05092470 -40.08069221
172.06005992 -40.07549799
172.06919375 -40.07030300
172.07832619 -40.06510724
172.08745723 -40.05991072
172.09658687 -40.05471343
172.10571512 -40.04951537
172.11484198 -40.04431655
172.12396744 -40.03911697
172.13332977 -40.03392601
172.14269068 -40.02873425
172.15205016 -40.02354168
172.16140822 -40.01834831
172.17076486 -40.01315414
172.18012008 -40.00795916
172.18947387 -40.00276338
172.19882624 -39.99756680
172.20817718 -39.99236942
172.21752669 -39.98717124
172.22687477 -39.98197227
172.23622143 -39.97677249
172.24500602 -39.97136080
172.25378921 -39.96594839
172.26257101 -39.96053528
172.27135141 -39.95512146
172.28013042 -39.94970693
172.28890803 -39.94429169
172.29768425 -39.93887575
172.30645908 -39.93345909
172.31523252 -39.92804173
172.32400457 -39.92262367
172.33277522 -39.91720489
172.34081423 -39.91218744
172.34885206 -39.90716939
172.35688871 -39.90215074
172.36492418 -39.89713151
172.37295849 -39.89211168
172.38099161 -39.88709126
172.38913468 -39.88067354
172.39727620 -39.87425520
172.40541615 -39.86783625
172.41355454 -39.86141667
172.42169138 -39.85499648
172.42982668 -39.84857567
172.43796044 -39.84215425
172.44609267 -39.83573221
172.45422335 -39.82930956
172.46235249 -39.82288630
172.47048010 -39.81646242
172.47860617 -39.81003794
172.48673070 -39.80361284
172.49254260 -39.79644450
172.49835331 -39.78927585
172.50416275 -39.78210688
172.50997095 -39.77493759
172.51577790 -39.76776798
172.52158360 -39.76059804
172.52738806 -39.75342779
172.53319127 -39.74625721
172.53899324 -39.73908631
172.54479397 -39.73191509
172.55059345 -39.72474354
172.55639168 -39.71757168
172.56218868 -39.71039949
172.56708304 -39.70233373
172.57197621 -39.69426775
172.57686821 -39.68620153
172.58175901 -39.67813509
172.58664862 -39.67006840
172.59153704 -39.66200149
172.59642426 -39.65393434
172.60066284 -39.64574199
172.60490037 -39.63754945
172.60913684 -39.62935672
172.61337226 -39.62116382
172.61760662 -39.61297074
172.62183993 -39.60477747
172.62607219 -39.59658405
172.63030339 -39.58839055
172.63453353 -39.58019687
172.63830109 -39.57223586
172.64206773 -39.56427470
172.64583346 -39.55631340
172.64959828 -39.54835195
172.65336218 -39.54039035
172.65712518 -39.53242860
172.66088726 -39.52446671
172.66464843 -39.51650466
172.66840869 -39.50854247
172.67216805 -39.50058014
172.67592648 -39.49261767
172.67968401 -39.48465505
172.68344063 -39.47669229
172.68791237 -39.46869544
172.69238304 -39.46069838
172.69685263 -39.45270111
172.70132115 -39.44470364
172.70578861 -39.43670595
172.71025501 -39.42870806
172.71472033 -39.42070996
172.71918458 -39.41271166
172.72364776 -39.40471316
172.72894276 -39.39691313
172.73423647 -39.38911288
172.73952895 -39.38131234
172.74482020 -39.37351153
172.75011024 -39.36571043
172.75539905 -39.35790906
172.76068663 -39.35010741
172.76597300 -39.34230547
172.77125814 -39.33450326
172.77654206 -39.32670077
172.78182477 -39.31889801
172.78674752 -39.31247249
172.79166934 -39.30604673
172.79659023 -39.29962074
172.80151018 -39.29319451
172.80642919 -39.28676804
172.81236547 -39.27984439
172.81830054 -39.27292040
172.82423440 -39.26599607
172.83016707 -39.25907140
172.83609854 -39.25214638
172.84202881 -39.24522103
172.84795787 -39.23829533
172.85388574 -39.23136929
172.85981241 -39.22444291
172.86573789 -39.21751619
172.87166216 -39.21058913
172.87753886 -39.20364365
172.88341435 -39.19669784
172.88928861 -39.18975170
172.89516168 -39.18280523
172.90103357 -39.17585842
172.90690431 -39.16891127
172.91277386 -39.16196379
172.91864223 -39.15501597
172.92450942 -39.14806782
172.93037542 -39.14111934
172.93624023 -39.13417052
172.94210386 -39.12722137
172.94904703 -39.12004945
172.95598876 -39.11287706
172.96292905 -39.10570421
172.96986790 -39.09853090
172.97680528 -39.09135713
172.98374123 -39.08418290
172.99067574 -39.07700821
172.99760882 -39.06983306
173.00454046 -39.06265746
173.01147067 -39.05548139
173.01839945 -39.04830486
173.02532680 -39.04112788
173.03225272 -39.03395044
173.03917721 -39.02677254
173.04610026 -39.01959418
173.05302190 -39.01241537
173.05994210 -39.00523610
173.06686087 -38.99805637
173.07377818 -38.99087618
173.08069407 -38.98369554
173.08760853 -38.97651444
173.09452157 -38.96933288
173.10143319 -38.96215087
173.10834343 -38.95496841
173.11525224 -38.94778549
173.12248066 -38.94084881
173.12970765 -38.93391164
173.13693320 -38.92697397
173.14415733 -38.92003580
173.15138003 -38.91309715
173.15860129 -38.90615800
173.16582113 -38.89921836
173.17303951 -38.89227822
173.18063978 -38.88596326
173.18823869 -38.87964776
173.19583624 -38.87333172
173.20343243 -38.86701514
173.21102727 -38.86069803
173.21862075 -38.85438038
173.22621288 -38.84806219
173.23380364 -38.84174347
173.24139305 -38.83542421
173.24898111 -38.82910441
173.25656780 -38.82278408
173.26415315 -38.81646321
173.27173713 -38.81014180
173.27931977 -38.80381986
173.28690104 -38.79749739
173.29532579 -38.79175155
173.30374919 -38.78600505
173.31217125 -38.78025792
173.32059195 -38.77451013
173.32901129 -38.76876169
173.33742928 -38.76301260
173.34584591 -38.75726286
173.35426119 -38.75151248
173.36267511 -38.74576145
173.37108768 -38.74000977
173.37949889 -38.73425744
173.38790875 -38.72850446
173.39631726 -38.72275084
173.40472442 -38.71699657
173.41313024 -38.71124167
173.42153470 -38.70548611
173.42993782 -38.69972992
173.43834038 -38.69408521
173.44674161 -38.68843986
173.45514151 -38.68279387
173.46354010 -38.67714723
173.47193736 -38.67149995
173.48033330 -38.66585203
173.48872791 -38.66020347
173.49712121 -38.65455426
173.50551319 -38.64890442
173.51390385 -38.64325394
173.52229319 -38.63760282
173.53068121 -38.63195105
173.53906790 -38.62629865
173.54745329 -38.62064561
173.55583735 -38.61499192
173.56422009 -38.60933760
173.57260152 -38.60368265
173.58131795 -38.59851448
173.59003314 -38.59334562
173.59874708 -38.58817608
173.60745979 -38.58300587
173.61617125 -38.57783498
173.62488146 -38.57266340
173.63359043 -38.56749114
173.64229815 -38.56231819
173.65100462 -38.55714457
173.65970985 -38.55197026
173.66841384 -38.54679527
173.67711657 -38.54161960
173.68581807 -38.53644325
173.69451831 -38.53126622
173.70321732 -38.52608850
173.71191508 -38.52091011
173.72061159 -38.51573104
173.72930686 -38.51055129
173.73800641 -38.50501643
173.74670464 -38.49948090
173.75540152 -38.49394468
173.76409706 -38.48840777
173.77279128 -38.48287018
173.78148417 -38.47733192
173.79017573 -38.47179297
173.79886595 -38.46625335
173.80755486 -38.46071306
173.81624245 -38.45517209
173.82492870 -38.44963045
173.83361362 -38.44408813
173.84229722 -38.43854514
173.85097949 -38.43300146
173.85966043 -38.42745712
173.86834004 -38.42191209
173.87701833 -38.41636639
173.88569529 -38.41082002
173.89437092 -38.40527297
173.90304523 -38.39972524
173.91171821 -38.39417684
173.92038986 -38.38862776
173.92906019 -38.38307801
173.93772920 -38.37752759
173.94639688 -38.37197649
173.95506323 -38.36642472
173.96372826 -38.36087229
173.97215644 -38.35493766
173.98058325 -38.34900240
173.98900867 -38.34306650
173.99743272 -38.33712997
174.00585538 -38.33119280
174.01427668 -38.32525500
174.02269659 -38.31931657
174.03111513 -38.31337750
174.03953229 -38.30743780
174.04794808 -38.30149746
174.05636248 -38.29555648
174.06477551 -38.28961486
174.07318717 -38.28367261
174.08159745 -38.27772972
174.09000636 -38.27178621
174.09841389 -38.26584206
174.10682005 -38.25989728
174.11522484 -38.25395187
174.12362826 -38.24800583
174.13203030 -38.24205915
174.14043097 -38.23611185
174.14883027 -38.23016392
174.15722819 -38.22421535
174.16562475 -38.21826616
174.17401993 -38.21231634
174.18241375 -38.20636588
174.19080619 -38.20041480
174.19919727 -38.19446309
174.20758697 -38.18851076
174.21597531 -38.18255780
174.22436228 -38.17660421
174.23274787 -38.17064999
174.24113211 -38.16469515
174.24951497 -38.15873969
174.25789647 -38.15278360
174.26711788 -38.14777084
174.27633804 -38.14275734
174.28555693 -38.13774309
174.29477457 -38.13272810
174.30399095 -38.12771235
174.31320608 -38.12269586
174.32241994 -38.11767863
174.33163255 -38.11266064
174.34084389 -38.10764191
174.35005398 -38.10262244
174.35926281 -38.09760222
174.36847039 -38.09258124
174.37767671 -38.08755953
174.38688177 -38.08253706
174.39608557 -38.07751386
174.40528812 -38.07248991
174.41448941 -38.06746522
174.42368944 -38.06243978
174.43288821 -38.05741361
174.44208573 -38.05238669
174.45128199 -38.04735903
174.45942890 -38.04205978
174.46757463 -38.03675995
174.47571918 -38.03145953
174.48386256 -38.02615853
174.49200477 -38.02085695
174.50014579 -38.01555478
174.50828565 -38.01025203
174.51642433 -38.00494870
174.52456183 -37.99964478
174.53269816 -37.99434029
174.54083332 -37.98903521
174.54896730 -37.98372954
174.55623939 -37.97746475
174.56351023 -37.97119949
174.57077982 -37.96493376
174.57804818 -37.95866757
174.58531529 -37.95240090
174.59258116 -37.94613376
174.59984578 -37.93986616
174.60710916 -37.93359808
174.61437131 -37.92732954
174.62163221 -37.92106053
174.62889187 -37.91479106
174.63615029 -37.90852111
174.64340747 -37.90225070
174.65066341 -37.89597982
174.65728307 -37.88920276
174.66390151 -37.88242530
174.67051872 -37.87564745
174.67713471 -37.86886922
174.68374948 -37.86209059
174.69036303 -37.85531157
174.69697535 -37.84853217
174.70358646 -37.84175237
174.71019634 -37.83497220
174.71680500 -37.82819163
174.72341244 -37.82141068
174.72896980 -37.81421242
174.73452607 -37.80701389
174.74008125 -37.79981508
174.74563534 -37.79261601
174.75118832 -37.78541667
174.75674022 -37.77821705
174.76229103 -37.77101716
174.76784075 -37.76381699
174.77338938 -37.75661654
174.77893693 -37.74941581
174.78448338 -37.74221481
174.78844416 -37.73416114
174.79240406 -37.72610732
174.79636309 -37.71805335
174.80032125 -37.70999923
174.80427854 -37.70194497
174.80823495 -37.69389058
174.81219049 -37.68583604
174.81647211 -37.67760407
174.82075276 -37.66937193
174.82503246 -37.66113963
174.82931119 -37.65290715
174.83358897 -37.64467451
174.83786578 -37.63644170
174.84214164 -37.62820873
174.84641653 -37.61997558
174.85069047 -37.61174227
174.85496345 -37.60350879
174.85923547 -37.59527514
174.86350654 -37.58704132
174.86777664 -37.57880734
174.87204579 -37.57057318
174.87631398 -37.56233886
174.88058122 -37.55410438
174.88394741 -37.54572967
174.88731283 -37.53735485
174.89067748 -37.52897993
174.89404137 -37.52060490
174.89740449 -37.51222976
174.90076684 -37.50385453
174.90412842 -37.49547918
174.90748924 -37.48710373
174.91084929 -37.47872818
174.91420859 -37.47035251
174.91756711 -37.46197674
174.92092488 -37.45360087
174.92428188 -37.44522489
174.92763812 -37.43684880
174.93099359 -37.42847261
174.93434831 -37.42009632
174.93725796 -37.41186834
174.94016696 -37.40364029
174.94307531 -37.39541215
174.94598303 -37.38718391
174.94889009 -37.37895560
174.95179651 -37.37072721
174.95470228 -37.36249873
174.95760741 -37.35427018
174.96051188 -37.34604155
174.96341571 -37.33781284
174.96631890 -37.32958405
174.96922144 -37.32135518
174.97212333 -37.31312623
174.97502458 -37.30489721
174.97889093 -37.29661006
174.98275642 -37.28832277
174.98662105 -37.28003535
174.99048482 -37.27174780
174.99434773 -37.26346011
174.99820977 -37.25517228
175.00207096 -37.24688432
175.00593129 -37.23859623
175.00979075 -37.23030800
175.01364936 -37.22201964
175.01750712 -37.21373114
175.02136401 -37.20544251
175.02522005 -37.19715375
175.02907522 -37.18886484
175.03292955 -37.18057579
175.03678301 -37.17228662
175.04063562 -37.16399731
175.04448738 -37.15570787
175.04888183 -37.14802982
175.05327539 -37.14035160
175.05766804 -37.13267322
175.06205979 -37.12499466
175.06645064 -37.11731593
175.07084059 -37.10963704
175.07522965 -37.10195797
175.07961780 -37.09427874
175.08400506 -37.08659935
175.08839143 -37.07891979
175.09277689 -37.07124006
175.09716146 -37.06356016
175.10154514 -37.05588010
175.10592792 -37.04819986
175.11030982 -37.04051946
175.11538417 -37.03368367
175.12045759 -37.02684765
175.12553010 -37.02001141
175.13060169 -37.01317495
175.13567235 -37.00633826
175.14074210 -36.99950136
175.14581094 -36.99266423
175.15087885 -36.98582689
175.15701816 -36.97956354
175.16315645 -36.97329986
175.16929372 -36.96703585
175.17542997 -36.96077153
175.18156520 -36.95450688
175.18769942 -36.94824191
175.19383262 -36.94197661
175.19996480 -36.93571100
175.20709997 -36.92898746
175.21423388 -36.92226349
175.22136651 -36.91553909
175.22849788 -36.90881425
175.23562798 -36.90208897
175.24275681 -36.89536327
175.24988437 -36.88863714
175.25701066 -36.88191058
175.26413569 -36.87518358
175.27125946 -36.86845615
175.27838196 -36.86172829
175.28550319 -36.85499999
175.29336776 -36.84878031
175.30123104 -36.84256011
175.30909305 -36.83633936
175.31695377 -36.83011808
175.32481320 -36.82389628
175.33267134 -36.81767396
175.34052819 -36.81145111
175.34838375 -36.80522773
175.35623802 -36.79900384
175.36409100 -36.79277942
175.37194270 -36.78655448
175.37979311 -36.78032903
175.38764223 -36.77410304
175.39549006 -36.76787654
175.40333662 -36.76164951
175.41118189 -36.75542194
175.41902588 -36.74919386
175.42686859 -36.74296525
175.43471001 -36.73673613
175.44255014 -36.73050648
175.45070652 -36.72462180
175.45886164 -36.71873655
175.46701549 -36.71285074
175.47516808 -36.70696437
175.48331941 -36.70107743
175.49146947 -36.69518996
175.49961825 -36.68930195
175.50776578 -36.68341339
175.51591204 -36.67752427
175.52405704 -36.67163460
175.53220079 -36.66574436
175.54034327 -36.65985357
175.54848448 -36.65396221
175.55662444 -36.64807030
175.56476314 -36.64217783
175.57290057 -36.63628481
175.58013626 -36.63018588
175.58737080 -36.62408652
175.59460417 -36.61798672
175.60183639 -36.61188649
175.60906745 -36.60578585
175.61629736 -36.59968477
175.62352610 -36.59358326
175.63075368 -36.58748132
175.63798010 -36.58137895
175.64520537 -36.57527614
175.65242948 -36.56917289
175.65965244 -36.56306921
175.66687423 -36.55696510
175.67340370 -36.55043161
175.67993206 -36.54389776
175.68645929 -36.53736357
175.69298541 -36.53082902
175.69951042 -36.52429412
175.70603431 -36.51775887
175.71255708 -36.51122327
175.71907874 -36.50468732
175.72559929 -36.49815102
175.73211872 -36.49161432
175.73863703 -36.48507728
175.74579372 -36.47856113
175.75294918 -36.47204455
175.76010343 -36.46552755
175.76725645 -36.45901013
175.77440826 -36.45249229
175.78155885 -36.44597403
175.78870822 -36.43945535
175.79585637 -36.43293624
175.80300330 -36.42641673
175.81014902 -36.41989681
175.81729352 -36.41337647
175.82443681 -36.40685572
175.83157887 -36.40033454
175.83871972 -36.39381293
175.84959109 -36.39199307
175.86046191 -36.39017219
175.87133220 -36.38835032
175.88220196 -36.38652743
175.89307118 -36.38470355
175.90393986 -36.38287865
175.91480800 -36.38105276
175.92567561 -36.37922585
175.93654268 -36.37739794
175.94740921 -36.37556903
175.95827520 -36.37373911
175.96855128 -36.37574377
175.97882788 -36.37774752
175.98910500 -36.37975035
175.99938265 -36.38175228
176.00966084 -36.38375330
176.01993955 -36.38575342
176.03021878 -36.38775263
176.04049853 -36.38975092
176.05077881 -36.39174831
176.06105961 -36.39374478
176.07134092 -36.39574034
176.08162276 -36.39773498
176.09190512 -36.39972872
176.10218800 -36.40172154
176.11247140 -36.40371345
176.12275532 -36.40570444
176.13303975 -36.40769452
176.14208886 -36.41220940
176.15113902 -36.41672357
176.16019025 -36.42123702
176.16924255 -36.42574976
176.17829591 -36.43026179
176.18735033 -36.43477310
176.19640582 -36.43928370
176.20546238 -36.44379359
176.21452002 -36.44830278
176.22357872 -36.45281124
176.23263849 -36.45731900
176.24169932 -36.46182603
176.25076121 -36.46633236
176.25982417 -36.47083796
176.26888820 -36.47534286
176.27795329 -36.47984703
176.28701945 -36.48435049
176.29608668 -36.48885323
176.30515497 -36.49335526
176.31422433 -36.49785658
176.32329475 -36.50235717
167.72141611 -47.47600508
167.72861792 -47.46932542
167.73581790 -47.46264529
167.74301607 -47.45596470
167.75021242 -47.44928365
167.75740695 -47.44260213
167.76459966 -47.43592015
167.77179055 -47.42923771
167.77897962 -47.42255481
167.78616688 -47.41587144
167.79335233 -47.40918761
167.80053596 -47.40250332
167.80771778 -47.39581857
167.81612120 -47.38964028
167.82452267 -47.38346135
167.83292217 -47.37728181
167.84131973 -47.37110163
167.84971532 -47.36492084
167.85810896 -47.35873942
167.86650064 -47.35255738
167.87489037 -47.34637472
167.88327815 -47.34019143
167.89166397 -47.33400753
167.90004785 -47.32782300
167.90842978 -47.32163785
167.91680975 -47.31545208
167.92518778 -47.30926569
167.93308625 -47.30260438
167.94098274 -47.29594253
167.94887725 -47.28928012
167.95676979 -47.28261716
167.96466035 -47.27595365
167.97254894 -47.26928959
167.98043556 -47.26262497
167.98832020 -47.25595981
167.99620288 -47.24929409
168.00408358 -47.24262783
168.01196232 -47.23596101
168.01983909 -47.22929365
168.02771389 -47.22262573
168.03558673 -47.21595726
168.04345760 -47.20928825
168.05158103 -47.20335579
168.05970266 -47.19742276
168.06782247 -47.19148913
168.07594049 -47.18555493
168.08405670 -47.17962015
168.09217112 -47.17368479
168.10028373 -47.16774885
168.10771001 -47.16122047
168.11513448 -47.15469160
168.12255715 -47.14816224
168.12997800 -47.14163240
168.13739705 -47.13510206
168.14481429 -47.12857124
168.15222973 -47.12203994
168.15964336 -47.11550815
168.16705519 -47.10897587
168.17446522 -47.10244310
168.18187344 -47.09590986
168.18927985 -47.08937612
168.19571965 -47.08408792
168.20215818 -47.07879936
168.21122628 -47.07265447
168.22029231 -47.06650886
168.22935626 -47.06036254
168.23841814 -47.05421549
168.24747795 -47.04806772
168.25653569 -47.04191924
168.26559137 -47.03577004
168.27464497 -47.02962012
168.28369651 -47.02346948
168.29274598 -47.01731813
168.30179338 -47.01116606
168.31083873 -47.00501327
168.31988200 -46.99885977
168.32892322 -46.99270556
168.33796237 -46.98655063
168.34699946 -46.98039499
168.35603449 -46.97423863
168.36506746 -46.96808156
168.37409837 -46.96192378
168.38312722 -46.95576528
168.39215402 -46.94960607
168.40117875 -46.94344615
168.40908995 -46.93713419
168.41699930 -46.93082168
168.42490681 -46.92450863
168.43281247 -46.91819502
168.44071629 -46.91188087
168.44861826 -46.90556617
168.45651839 -46.89925093
168.46441668 -46.89293513
168.47362156 -46.88656091
168.48282429 -46.88018596
168.49202484 -46.87381026
168.50122323 -46.86743383
168.51041946 -46.86105666
168.51961352 -46.85467876
168.52880542 -46.84830012
168.53799516 -46.84192074
168.54718274 -46.83554063
168.55636815 -46.82915979
168.56516749 -46.82269250
168.57396473 -46.81622454
168.58275988 -46.80975590
168.59155294 -46.80328659
168.60034390 -46.79681661
168.60913276 -46.79034594
168.61791953 -46.78387461
168.62670421 -46.77740260
168.63548680 -46.77092992
168.64426730 -46.76445658
168.65304571 -46.75798255
168.66182204 -46.75150786
168.67059627 -46.74503250
168.67936843 -46.73855647
168.68813850 -46.73207977
168.69690648 -46.72560240
168.70555578 -46.71922566
168.71420304 -46.71284824
168.72284827 -46.70647018
168.73149148 -46.70009147
168.74013264 -46.69371210
168.74877178 -46.68733209
168.75740890 -46.68095142
168.76604400 -46.67457010
168.77467708 -46.66818814
168.78330815 -46.66180553
168.79193720 -46.65542226
168.80056424 -46.64903835
168.80918926 -46.64265380
168.81781227 -46.63626859
168.82643327 -46.62988274
168.83606268 -46.62490697
168.84569034 -46.61993040
168.85531624 -46.61495303
168.86494039 -46.60997486
168.87456278 -46.60499588
168.88418342 -46.60001610
168.89380231 -46.59503552
168.90341946 -46.59005412
168.91303487 -46.58507191
168.92264853 -46.58008891
168.93226043 -46.57510510
168.94227757 -46.57032146
168.95229296 -46.56553696
168.96230660 -46.56075158
168.97231849 -46.55596534
168.98232863 -46.55117823
168.99233701 -46.54639026
169.00234365 -46.54160141
169.01234855 -46.53681169
169.02376111 -46.53282885
169.03517201 -46.52884489
169.04658124 -46.52485980
169.05798881 -46.52087359
169.06939471 -46.51688625
169.08079895 -46.51289780
169.09220152 -46.50890821
169.10360243 -46.50491751
169.11500168 -46.50092569
169.12639926 -46.49693274
169.13779519 -46.49293867
169.14918945 -46.48894348
169.16058204 -46.48494717
169.17197297 -46.48094974
169.18336224 -46.47695120
169.19474984 -46.47295153
169.20613578 -46.46895075
169.21752005 -46.46494885
169.22890266 -46.46094583
169.24028360 -46.45694170
169.25166288 -46.45293645
169.26304049 -46.44893008
169.27441643 -46.44492260
169.28579070 -46.44091400
169.29716331 -46.43690429
169.30853425 -46.43289346
169.31990353 -46.42888152
169.33127113 -46.42486847
169.34263707 -46.42085430
169.35400135 -46.41683902
169.36536395 -46.41282262
169.37672489 -46.40880512
169.38808416 -46.40478650
169.39944177 -46.40076678
169.41079771 -46.39674594
169.42215199 -46.39272399
169.43350461 -46.38870093
169.44485556 -46.38467676
169.45620485 -46.38065148
169.46755247 -46.37662509
169.47876224 -46.37250786
169.48997032 -46.36838955
169.50117672 -46.36427016
169.51238145 -46.36014970
169.52358449 -46.35602816
169.53478585 -46.35190554
169.54598553 -46.34778184
169.55718354 -46.34365706
169.56837986 -46.33953121
169.57957450 -46.33540427
169.59076747 -46.33127626
169.60195875 -46.32714718
169.61314837 -46.32301702
169.62433630 -46.31888578
169.63552255 -46.31475347
169.64565989 -46.30973179
169.65579540 -46.30470922
169.66592906 -46.29968577
169.67606088 -46.29466143
169.68619087 -46.28963622
169.69631901 -46.28461012
169.70644530 -46.27958315
169.71656973 -46.27455529
169.72669232 -46.26952655
169.73681307 -46.26449693
169.74693199 -46.25946643
169.75718256 -46.25412495
169.76743115 -46.24878257
169.77767776 -46.24343928
169.78792240 -46.23809509
169.79816506 -46.23275001
169.80840571 -46.22740403
169.81864436 -46.22205715
169.82888103 -46.21670937
169.83911573 -46.21136069
169.84934846 -46.20601112
169.85957920 -46.20066065
169.86980794 -46.19530927
169.88003467 -46.18995700
169.88856163 -46.18334420
169.89708656 -46.17673077
169.90560948 -46.17011671
169.91413038 -46.16350202
169.92264926 -46.15688671
169.93116613 -46.15027077
169.93968098 -46.14365420
169.94819382 -46.13703701
169.95670464 -46.13041919
169.96521346 -46.12380074
169.97372025 -46.11718168
169.98222504 -46.11056198
169.99072782 -46.10394167
169.99922858 -46.09732072
170.00772731 -46.09069914
170.01622403 -46.08407693
170.02471875 -46.07745410
170.03321145 -46.07083065
170.04170215 -46.06420657
170.05019084 -46.05758188
170.05867752 -46.05095656
170.06716220 -46.04433062
170.07564488 -46.03770405
170.08412555 -46.03107687
170.09260422 -46.02444907
170.10108089 -46.01782065
170.10955554 -46.01119159
170.11802820 -46.00456192
170.12649886 -45.99793163
170.13496754 -45.99130074
170.14343423 -45.98466925
170.15189891 -45.97803713
170.16036161 -45.97140440
170.16882231 -45.96477105
170.17728101 -45.95813708
170.18573772 -45.95150250
170.19419244 -45.94486731
170.20264517 -45.93823150
170.21109590 -45.93159509
170.21954465 -45.92495806
170.22706736 -45.91798777
170.23458822 -45.91101699
170.24210722 -45.90404572
170.24962436 -45.89707396
170.25713969 -45.89010172
170.26465316 -45.88312898
170.27216478 -45.87615576
170.27967456 -45.86918205
170.28718248 -45.86220785
170.29468855 -45.85523316
170.30219278 -45.84825801
170.30969519 -45.84128240
170.31719575 -45.83430630
170.32469446 -45.82732971
170.33147283 -45.81980736
170.33824941 -45.81228460
170.34502419 -45.80476144
170.35179719 -45.79723788
170.35856842 -45.78971392
170.36533786 -45.78218955
170.37210551 -45.77466478
170.37887138 -45.76713960
170.38563545 -45.75961403
170.39125896 -45.75219548
170.39688102 -45.74477664
170.40250161 -45.73735753
170.40812074 -45.72993813
170.41373841 -45.72251845
170.41935462 -45.71509849
170.42496938 -45.70767826
170.43058267 -45.70025774
170.43619452 -45.69283691
170.44189211 -45.68508181
170.44758815 -45.67732641
170.45328265 -45.66957073
170.45897561 -45.66181475
170.46466703 -45.65405849
170.47035691 -45.64630193
170.47604525 -45.63854509
170.48173204 -45.63078796
170.48741731 -45.62303054
170.49310103 -45.61527283
170.49878321 -45.60751483
170.50446387 -45.59975654
170.51014299 -45.59199796
170.51705739 -45.58446844
170.52396997 -45.57693850
170.53088074 -45.56940814
170.53778968 -45.56187736
170.54469681 -45.55434617
170.55160212 -45.54681456
170.55850561 -45.53928253
170.56540729 -45.53175008
170.57230715 -45.52421721
170.57769544 -45.51678550
170.58308233 -45.50935354
170.58846782 -45.50192131
170.59385194 -45.49448884
170.59923468 -45.48705613
170.60461603 -45.47962317
170.60999599 -45.47218994
170.61537456 -45.46475646
170.62075175 -45.45732272
170.62612755 -45.44988872
170.63150196 -45.44245446
170.63687498 -45.43501995
170.64240924 -45.42774717
170.64794211 -45.42047413
170.65347357 -45.41320081
170.65900364 -45.40592721
170.66453232 -45.39865335
170.67005960 -45.39137922
170.67558549 -45.38410482
170.68110999 -45.37683015
170.68663309 -45.36955521
170.69215480 -45.36228000
170.69807509 -45.35485351
170.70399386 -45.34742672
170.70991110 -45.33999961
170.71582682 -45.33257219
170.72174102 -45.32514447
170.72765369 -45.31771643
170.73356485 -45.31028809
170.73947449 -45.30285943
170.74538260 -45.29543048
170.75128920 -45.28800122
170.75719428 -45.28057166
170.76309785 -45.27314180
170.76901113 -45.26541414
170.77492283 -45.25768618
170.78083295 -45.24995791
170.78674150 -45.24222933
170.79264847 -45.23450045
170.79855386 -45.22677125
170.80445768 -45.21904175
170.81035993 -45.21131195
170.81626061 -45.20358184
170.82215971 -45.19585142
170.82805724 -45.18812068
170.83395320 -45.18038963
170.83976618 -45.17335140
170.84557775 -45.16631286
170.85138790 -45.15927403
170.85719665 -45.15223489
170.86300400 -45.14519546
170.86880993 -45.13815573
170.87461446 -45.13111571
170.88041758 -45.12407538
170.88621929 -45.11703476
170.89201960 -45.10999384
170.89628005 -45.10247872
170.90053941 -45.09496342
170.90479768 -45.08744795
170.90905485 -45.07993232
170.91331093 -45.07241652
170.91756591 -45.06490055
170.92181981 -45.05738441
170.92607261 -45.04986811
170.93117001 -45.04178101
170.93626599 -45.03369367
170.94136057 -45.02560609
170.94645375 -45.01751828
170.95154551 -45.00943024
170.95663587 -45.00134196
170.96172484 -44.99325343
170.96681242 -44.98516467
170.97189859 -44.97707568
170.97698336 -44.96898644
170.98206673 -44.96089698
170.98714869 -44.95280727
170.99222924 -44.94471734
170.99730840 -44.93662716
171.00238615 -44.92853676
171.00715275 -44.92072865
171.01191808 -44.91292034
171.01668214 -44.90511182
171.02144494 -44.89730309
171.02620648 -44.88949416
171.03096675 -44.88168502
171.03572576 -44.87387568
171.04048350 -44.86606613
171.04523998 -44.85825638
171.04999520 -44.85044642
171.05474915 -44.84263625
171.05950183 -44.83482588
171.06425326 -44.82701530
171.06900342 -44.81920451
171.07375232 -44.81139352
171.07849996 -44.80358233
171.08343456 -44.79539735
171.08836778 -44.78721216
171.09329963 -44.77902674
171.09823011 -44.77084110
171.10315923 -44.76265525
171.10808697 -44.75446917
171.11301335 -44.74628287
171.11793836 -44.73809635
171.12286200 -44.72990961
171.12778427 -44.72172264
171.13270517 -44.71353545
171.13762471 -44.70534804
171.14254289 -44.69716040
171.14745969 -44.68897254
171.15237513 -44.68078446
171.15728921 -44.67259616
171.16220193 -44.66440763
171.16816749 -44.65705891
171.17413156 -44.64970986
171.18009415 -44.64236050
171.18605525 -44.63501083
171.19201486 -44.62766083
171.19797298 -44.62031052
171.20392962 -44.61295990
171.20988477 -44.60560896
171.21822957 -44.59966314
171.22657268 -44.59371671
171.23491409 -44.58776967
171.24325382 -44.58182202
171.25159185 -44.57587377
171.25992820 -44.56992490
171.26826286 -44.56397544
171.27659583 -44.55802536
171.28492712 -44.55207468
171.29325672 -44.54612340
171.30157777 -44.53976126
171.30989702 -44.53339852
171.31821447 -44.52703517
171.32653013 -44.52067123
171.33484399 -44.51430668
171.34315606 -44.50794152
171.35146633 -44.50157577
171.35977481 -44.49520940
171.36808151 -44.48884243
171.37838076 -44.48368609
171.38867820 -44.47852882
171.39897384 -44.47337064
171.40926768 -44.46821157
171.41955972 -44.46305159
171.42984995 -44.45789069
171.44013837 -44.45272888
171.45042499 -44.44756614
171.46070981 -44.44240250
171.47099282 -44.43723793
171.48127402 -44.43207245
171.49155342 -44.42690606
171.50183102 -44.42173875
171.51210682 -44.41657052
171.52238081 -44.41140139
171.53265300 -44.40623134
171.54292339 -44.40106037
171.55319197 -44.39588849
171.56345877 -44.39071570
171.57372375 -44.38554199
171.58398694 -44.38036737
171.59424833 -44.37519184
171.60450791 -44.37001540
171.61476569 -44.36483805
171.62502168 -44.35965979
171.63527586 -44.35448062
171.64552825 -44.34930054
171.65577884 -44.34411955
171.66602763 -44.33893765
171.67627462 -44.33375485
171.68651981 -44.32857113
171.69676321 -44.32338650
171.70700481 -44.31820097
171.71724462 -44.31301452
171.72748263 -44.30782717
171.73854777 -44.30445258
171.74961165 -44.30107693
171.76067426 -44.29770022
171.77173560 -44.29432245
171.78279566 -44.29094362
171.79385446 -44.28756373
171.80491198 -44.28418278
171.81596824 -44.28080078
171.82702323 -44.27741772
171.83807694 -44.27403361
171.84912939 -44.27064844
171.86018057 -44.26726221
171.87123047 -44.26387492
171.88227911 -44.26048659
171.89332647 -44.25709719
171.90437257 -44.25370675
171.91541740 -44.25031525
171.92646095 -44.24692271
171.93750324 -44.24352911
171.94854425 -44.24013446
171.95958399 -44.23673875
171.97062247 -44.23334199
171.98165966 -44.22994418
171.99317921 -44.22747303
172.00469778 -44.22500075
172.01621538 -44.22252731
172.02773201 -44.22005273
172.03924767 -44.21757700
172.05076235 -44.21510012
172.06227607 -44.21262210
172.07378881 -44.21014294
172.08530057 -44.20766263
172.09681137 -44.20518117
172.10832119 -44.20269858
172.11983004 -44.20021484
172.13133791 -44.19772996
172.14284481 -44.19524394
172.15435073 -44.19275677
172.16585568 -44.19026846
172.17735965 -44.18777901
172.18886265 -44.18528841
172.20036467 -44.18279668
172.21186571 -44.18030380
172.22336578 -44.17780978
172.23486488 -44.17531461
172.24684428 -44.17274623
172.25882262 -44.17017661
172.27079993 -44.16760575
172.28277618 -44.16503366
172.29475138 -44.16246033
172.30672553 -44.15988576
172.31869863 -44.15730996
172.33067068 -44.15473292
172.34264168 -44.15215464
172.35461163 -44.14957513
172.36658052 -44.14699439
172.37854837 -44.14441241
172.39051516 -44.14182919
172.40248090 -44.13924475
172.41444558 -44.13665907
172.42640921 -44.13407215
172.43837179 -44.13148400
172.45033332 -44.12889462
172.46229379 -44.12630401
172.47425320 -44.12371217
172.48621156 -44.12111909
172.49816886 -44.11852478
172.51012511 -44.11592924
172.52208030 -44.11333247
172.53403443 -44.11073446
172.54598751 -44.10813523
172.55793953 -44.10553476
172.56948951 -44.10284894
172.58103843 -44.10016197
172.59258631 -44.09747385
172.60413313 -44.09478459
172.61567889 -44.09209418
172.62722359 -44.08940262
172.63876724 -44.08670992
172.65030984 -44.08401607
172.66185138 -44.08132107
172.67339186 -44.07862493
172.68493128 -44.07592764
172.69646965 -44.07322921
172.70800696 -44.07052964
172.71954321 -44.06782892
172.73107841 -44.06512705
172.74261255 -44.06242404
172.75414563 -44.05971989
172.76567765 -44.05701459
172.77720861 -44.05430816
172.78873851 -44.05160058
172.80026734 -44.04889185
172.81179513 -44.04618199
172.82332185 -44.04347098
172.83484751 -44.04075884
172.84614651 -44.03779725
172.85744438 -44.03483457
172.86874112 -44.03187080
172.88003673 -44.02890592
172.89133120 -44.02593996
172.90262454 -44.02297290
172.91391674 -44.02000475
172.92520782 -44.01703551
172.93649775 -44.01406518
172.94778656 -44.01109375
172.95907422 -44.00812124
172.97036076 -44.00514763
172.98164615 -44.00217292
172.99293042 -43.99919713
173.00421354 -43.99622024
173.01549552 -43.99324227
173.02677637 -43.99026320
173.03805608 -43.98728304
173.04933465 -43.98430179
173.06048488 -43.98166967
173.07163411 -43.97903648
173.08278235 -43.97640222
173.09392959 -43.97376690
173.10507584 -43.97113051
173.11622110 -43.96849306
173.12736537 -43.96585454
173.13850863 -43.96321496
173.14965090 -43.96057431
173.16079217 -43.95793261
173.17193244 -43.95528984
173.18307172 -43.95264600
173.19420999 -43.95000111
173.20534727 -43.94735515
173.21648355 -43.94470813
173.22761883 -43.94206005
173.23875311 -43.93941091
173.24993609 -43.93595475
173.26111776 -43.93249752
173.27229814 -43.92903922
173.28347721 -43.92557985
173.29465498 -43.92211942
173.30583146 -43.91865792
173.31700663 -43.91519535
173.32818050 -43.91173171
173.33935307 -43.90826701
173.35052433 -43.90480124
173.36169430 -43.90133441
173.37286296 -43.89786651
173.38403032 -43.89439755
173.39519637 -43.89092753
173.40636113 -43.88745644
173.41752459 -43.88398429
173.42868675 -43.88051107
173.43984761 -43.87703678
173.45100717 -43.87356144
173.46216542 -43.87008503
173.47332237 -43.86660756
173.48447802 -43.86312903
173.49563236 -43.85964944
173.50678540 -43.85616879
173.51668345 -43.85140180
173.52657993 -43.84663398
173.53647484 -43.84186533
173.54636819 -43.83709584
173.55625996 -43.83232553
173.56615018 -43.82755438
173.57603882 -43.82278240
173.58592590 -43.81800959
173.59581142 -43.81323595
173.60569537 -43.80846147
173.61557776 -43.80368616
173.62545858 -43.79891002
173.63533783 -43.79413306
173.64521552 -43.78935526
173.65509165 -43.78457664
173.66496621 -43.77979719
173.67483921 -43.77501691
173.68471065 -43.77023581
173.69458052 -43.76545388
173.70444883 -43.76067112
173.71431558 -43.75588753
173.72366940 -43.75040210
173.73302152 -43.74491593
173.74237195 -43.73942902
173.75172070 -43.73394137
173.76106775 -43.72845298
173.77041311 -43.72296385
173.77975678 -43.71747398
173.78909876 -43.71198337
173.79843905 -43.70649202
173.80777766 -43.70099992
173.81711457 -43.69550709
173.82644980 -43.69001353
173.83578335 -43.68451922
173.84511520 -43.67902418
173.85444537 -43.67352840
173.86377386 -43.66803189
173.87310066 -43.66253464
173.88269189 -43.65757232
173.89228155 -43.65260923
173.90186965 -43.64764536
173.91145618 -43.64268070
173.92104114 -43.63771527
173.93062453 -43.63274906
173.94020636 -43.62778207
173.94978662 -43.62281430
173.95936531 -43.61784576
173.96894244 -43.61287645
173.97851800 -43.60790635
173.98809199 -43.60293549
173.99766442 -43.59796384
174.00723530 -43.59299143
174.01636068 -43.58770327
174.02548448 -43.58241440
174.03460670 -43.57712483
174.04372733 -43.57183455
174.05284638 -43.56654358
174.06196385 -43.56125190
174.07107974 -43.55595952
174.08019406 -43.55066644
