166.49686538 -47.23634177
166.50150980 -47.22842365
166.50615283 -47.22050531
166.51079446 -47.21258674
166.51543467 -47.20466794
166.52007349 -47.19674893
166.52471088 -47.18882968
166.52934688 -47.18091021
166.53398147 -47.17299051
166.53861467 -47.16507060
166.54324647 -47.15715045
166.54787687 -47.14923009
166.55250587 -47.14130950
166.55713348 -47.13338869
166.56175970 -47.12546766
166.56638452 -47.11754641
166.57100795 -47.10962493
166.57562998 -47.10170323
166.57859678 -47.09318059
166.58156260 -47.08465783
166.58452744 -47.07613497
166.58749130 -47.06761200
166.59045419 -47.05908891
166.59341611 -47.05056572
166.59637706 -47.04204242
166.59933703 -47.03351901
166.60229604 -47.02499549
166.60525408 -47.01647187
166.60821114 -47.00794814
166.61116724 -46.99942429
166.61412236 -46.99090034
166.61707650 -46.98237627
166.62002969 -46.97385209
166.62298190 -46.96532781
166.62593315 -46.95680342
166.62888344 -46.94827892
166.63369959 -46.94005076
166.63851424 -46.93182237
166.64332740 -46.92359374
166.64813907 -46.91536487
166.65294925 -46.90713576
166.65775795 -46.89890641
166.66256515 -46.89067683
166.66737086 -46.88244701
166.67217509 -46.87421695
166.67697783 -46.86598665
166.68177909 -46.85775612
166.68657887 -46.84952535
166.69137716 -46.84129434
166.69617398 -46.83306310
166.70096931 -46.82483163
166.70576316 -46.81659991
166.71055554 -46.80836796
166.71534644 -46.80013578
166.72035467 -46.79197739
166.72536136 -46.78381873
166.73036653 -46.77565983
166.73537018 -46.76750067
166.74037230 -46.75934126
166.74537290 -46.75118160
166.75037198 -46.74302169
166.75536954 -46.73486152
166.76036558 -46.72670111
166.76536010 -46.71854044
166.77035310 -46.71037952
166.77534458 -46.70221836
166.78033455 -46.69405694
166.78532299 -46.68589526
166.79030993 -46.67773334
166.79529535 -46.66957117
166.80027926 -46.66140875
166.80523370 -46.65352573
166.81018669 -46.64564247
166.81513823 -46.63775896
166.82008832 -46.62987521
166.82503696 -46.62199122
166.82998416 -46.61410698
166.83492992 -46.60622250
166.83987423 -46.59833777
166.84481708 -46.59045280
166.84975850 -46.58256758
166.85469847 -46.57468213
166.85975859 -46.56711868
166.86481729 -46.55955499
166.86987459 -46.55199105
166.87493047 -46.54442685
166.87998494 -46.53686241
166.88503800 -46.52929772
166.89008965 -46.52173277
166.89513989 -46.51416758
166.90018872 -46.50660213
166.90523615 -46.49903644
166.91028216 -46.49147050
166.91505979 -46.48390614
166.91983608 -46.47634155
166.92461105 -46.46877674
166.92938468 -46.46121170
166.93415699 -46.45364644
166.93892796 -46.44608096
166.94369761 -46.43851525
166.94846593 -46.43094932
166.95323292 -46.42338316
166.95799859 -46.41581678
166.96276293 -46.40825018
166.96855016 -46.40025137
166.97433570 -46.39225223
166.98011953 -46.38425277
166.98590167 -46.37625299
166.99168212 -46.36825288
166.99746087 -46.36025246
167.00323793 -46.35225172
167.00901330 -46.34425065
167.01478698 -46.33624927
167.02055897 -46.32824757
167.02632928 -46.32024555
167.03209789 -46.31224321
167.03786482 -46.30424055
167.04363007 -46.29623758
167.04939364 -46.28823427
167.05515552 -46.28023065
167.06091573 -46.27222672
167.06667425 -46.26422247
167.07243108 -46.25621790
167.07818624 -46.24821301
167.08582973 -46.24098838
167.09347122 -46.23376321
167.10111071 -46.22653751
167.10874819 -46.21931127
167.11638367 -46.21208450
167.12401715 -46.20485720
167.13164862 -46.19762936
167.13927810 -46.19040099
167.14690558 -46.18317209
167.15453106 -46.17594265
167.16078292 -46.16898834
167.16703320 -46.16203367
167.17328190 -46.15507864
167.17952903 -46.14812325
167.18577459 -46.14116750
167.19201857 -46.13421138
167.19826097 -46.12725491
167.20450181 -46.12029808
167.21074107 -46.11334089
167.21934101 -46.10711727
167.22793902 -46.10089299
167.23653508 -46.09466803
167.24512921 -46.08844239
167.25372142 -46.08221609
167.26231169 -46.07598912
167.27090004 -46.06976149
167.27948646 -46.06353320
167.28807096 -46.05730424
167.29665352 -46.05107462
167.30523416 -46.04484433
167.31381288 -46.03861338
167.32238967 -46.03238177
167.33096453 -46.02614950
167.34061870 -46.02017961
167.35027080 -46.01420889
167.35992083 -46.00823734
167.36956880 -46.00226496
167.37921469 -45.99629175
167.38885851 -45.99031770
167.39850026 -45.98434282
167.40813996 -45.97836713
167.41777758 -45.97239060
167.42741314 -45.96641325
167.43704663 -45.96043507
167.44667806 -45.95445605
167.45630742 -45.94847621
167.46593472 -45.94249554
167.47555995 -45.93651405
167.48518312 -45.93053172
167.49480422 -45.92454857
167.50442327 -45.91856459
167.51404025 -45.91257980
167.52360504 -45.90690810
167.53316790 -45.90123559
167.54272880 -45.89556225
167.55228777 -45.88988811
167.56184479 -45.88421314
167.57139987 -45.87853737
167.58095300 -45.87286078
167.59050420 -45.86718337
167.60005345 -45.86150516
167.60960077 -45.85582613
167.61914615 -45.85014629
167.62868959 -45.84446564
167.63823108 -45.83878418
167.64777064 -45.83310191
167.65730826 -45.82741883
167.66684395 -45.82173494
167.67637769 -45.81605024
167.68590950 -45.81036473
167.69543937 -45.80467842
167.70496727 -45.79899134
167.71449316 -45.79330352
167.72401710 -45.78761491
167.73353911 -45.78192549
167.74305919 -45.77623527
167.75257734 -45.77054424
167.76209355 -45.76485241
167.77160783 -45.75915977
167.78106363 -45.75308373
167.79051739 -45.74700690
167.79996910 -45.74092927
167.80941873 -45.73485087
167.81886631 -45.72877167
167.82831185 -45.72269168
167.83775534 -45.71661090
167.84719678 -45.71052932
167.85663618 -45.70444695
167.86607354 -45.69836378
167.87550885 -45.69227983
167.88494211 -45.68619508
167.89437334 -45.68010954
167.90380252 -45.67402320
167.91322967 -45.66793607
167.92265477 -45.66184815
167.93207784 -45.65575944
167.94149887 -45.64966993
167.95091786 -45.64357963
167.96033482 -45.63748854
167.96974974 -45.63139666
167.97916262 -45.62530399
167.98857347 -45.61921053
167.99798228 -45.61311628
168.00738904 -45.60702125
168.01679377 -45.60092543
168.02619647 -45.59482882
168.03559716 -45.58873141
168.04499581 -45.58263322
168.05398200 -45.57688108
168.06296636 -45.57112823
168.07194888 -45.56537466
168.08092957 -45.55962038
168.08990843 -45.55386538
168.09888546 -45.54810966
168.10786066 -45.54235322
168.11702523 -45.53720034
168.12618813 -45.53204672
168.13534936 -45.52689236
168.14450892 -45.52173725
168.15366680 -45.51658139
168.16282302 -45.51142480
168.17197756 -45.50626746
168.18137177 -45.50039533
168.19076404 -45.49452243
168.20015436 -45.48864874
168.20954272 -45.48277426
168.21892914 -45.47689900
168.22831360 -45.47102295
168.23787593 -45.46604781
168.24743658 -45.46107186
168.25699555 -45.45609511
168.26655283 -45.45111754
168.27610844 -45.44613917
168.28523217 -45.44207268
168.29435460 -45.43800546
168.30347571 -45.43393749
168.31259551 -45.42986878
168.32171400 -45.42579933
168.33113010 -45.42033410
168.34054438 -45.41486809
168.34995684 -45.40940130
168.35936749 -45.40393372
168.36877632 -45.39846536
168.37818334 -45.39299623
168.38659542 -45.38724854
168.39500579 -45.38150022
168.40341446 -45.37575127
168.41182141 -45.37000170
168.42022667 -45.36425150
168.42863021 -45.35850067
168.43654317 -45.35337392
168.44445469 -45.34824661
168.45236478 -45.34311875
168.46027344 -45.33799034
168.46818067 -45.33286137
168.47610628 -45.32661187
168.48403015 -45.32036181
168.49195227 -45.31411120
168.49987265 -45.30786002
168.50779126 -45.30160828
168.51570813 -45.29535600
168.52270776 -45.28908499
168.52970584 -45.28281354
168.53670238 -45.27654166
168.54369737 -45.27026935
168.55069081 -45.26399659
168.55768271 -45.25772340
168.56467307 -45.25144978
168.57265670 -45.24502963
168.58063852 -45.23860891
168.58861854 -45.23218763
168.59659676 -45.22576578
168.60457317 -45.21934336
168.61129061 -45.21303987
168.61800656 -45.20673598
168.62472102 -45.20043168
168.63143400 -45.19412699
168.63814550 -45.18782189
168.64485551 -45.18151640
168.65193597 -45.17440351
168.65901467 -45.16729017
168.66609159 -45.16017639
168.67316675 -45.15306216
168.68024015 -45.14594748
168.68654419 -45.13896738
168.69284668 -45.13198692
168.69914763 -45.12500611
168.70544705 -45.11802494
168.71174493 -45.11104342
168.71861634 -45.10393968
168.72548606 -45.09683552
168.73235410 -45.08973091
168.73922043 -45.08262589
168.74608504 -45.07552044
168.75294795 -45.06841457
168.75980916 -45.06130828
168.76520940 -45.05411430
168.77060828 -45.04692006
168.77600580 -45.03972556
168.78140197 -45.03253079
168.78679677 -45.02533576
168.79219022 -45.01814046
168.79934252 -45.01083833
168.80649299 -45.00353576
168.81364163 -44.99623273
168.82078843 -44.98892924
168.82793341 -44.98162530
168.83507657 -44.97432089
168.84221790 -44.96701604
168.84935018 -44.95981264
168.85648066 -44.95260879
168.86360935 -44.94540448
168.87073625 -44.93819972
168.87786136 -44.93099451
168.88498467 -44.92378884
168.89210620 -44.91658272
168.89832114 -44.90929305
168.90453451 -44.90200303
168.91074629 -44.89471266
168.91695650 -44.88742194
168.92316513 -44.88013088
168.92937218 -44.87283947
168.93533488 -44.86518160
168.94129597 -44.85752340
168.94725548 -44.84986489
168.95321339 -44.84220606
168.95916971 -44.83454691
168.96583416 -44.82742301
168.97249695 -44.82029873
168.97915809 -44.81317404
168.98581758 -44.80604896
168.99247542 -44.79892348
168.99913161 -44.79179759
169.00578614 -44.78467131
169.01300595 -44.77891278
169.02022432 -44.77315379
169.02744124 -44.76739433
169.03465671 -44.76163442
169.04187074 -44.75587404
169.04837508 -44.74870637
169.05487779 -44.74153831
169.06137888 -44.73436989
169.06787836 -44.72720108
169.07437621 -44.72003190
169.08087245 -44.71286233
169.08929700 -44.70683041
169.09771979 -44.70079786
169.10614081 -44.69476467
169.11456006 -44.68873085
169.12297755 -44.68269640
169.13139329 -44.67666132
169.13781512 -44.67043988
169.14423557 -44.66421808
169.15065464 -44.65799591
169.15707232 -44.65177337
169.16348862 -44.64555046
169.16990354 -44.63932719
169.17706658 -44.63312835
169.18422808 -44.62692906
169.19138805 -44.62072931
169.19854649 -44.61452910
169.20570338 -44.60832844
169.21285874 -44.60212733
169.22001261 -44.59592572
169.22716499 -44.58972360
169.23536428 -44.58355520
169.24356183 -44.57738621
169.25175764 -44.57121661
169.25995169 -44.56504642
169.26814400 -44.55887564
169.27749469 -44.55333758
169.28684359 -44.54779874
169.29619070 -44.54225913
169.30553605 -44.53671872
169.31487962 -44.53117752
169.32422141 -44.52563554
169.33346289 -44.51989103
169.34270254 -44.51414577
169.35194036 -44.50839974
169.36117635 -44.50265296
169.37041052 -44.49690542
169.37964289 -44.49115709
169.38887343 -44.48540801
169.39810214 -44.47965818
169.40732905 -44.47390756
169.41692426 -44.46858763
169.42651772 -44.46326689
169.43610942 -44.45794533
169.44569937 -44.45262296
169.45528756 -44.44729978
169.46487399 -44.44197578
169.47445868 -44.43665098
169.48472206 -44.43186960
169.49498376 -44.42708730
169.50524378 -44.42230406
169.51550211 -44.41751991
169.52575876 -44.41273482
169.53601372 -44.40794881
169.54626700 -44.40316187
169.55651860 -44.39837400
169.56603778 -44.39472531
169.57555577 -44.39107581
169.58507258 -44.38742553
169.59458819 -44.38377444
169.60410261 -44.38012254
169.61361583 -44.37646984
169.62480674 -44.37250799
169.63599612 -44.36854503
169.64718398 -44.36458097
169.65837033 -44.36061580
169.66734236 -44.35701459
169.67631328 -44.35341267
169.68528310 -44.34981003
169.69425181 -44.34620669
169.70321942 -44.34260264
169.71369130 -44.33789686
169.72416149 -44.33319011
169.73462999 -44.32848239
169.74509681 -44.32377371
169.75455790 -44.31921453
169.76401751 -44.31465457
169.77347565 -44.31009381
169.78293232 -44.30553227
169.79238750 -44.30096993
169.80184123 -44.29640680
169.81129353 -44.29184286
169.82074435 -44.28727814
169.82899436 -44.28187537
169.83724285 -44.27647199
169.84548981 -44.27106801
169.85373525 -44.26566344
169.86197916 -44.26025825
169.87022155 -44.25485247
169.87846241 -44.24944609
169.88670175 -44.24403910
169.89514072 -44.23795182
169.90357798 -44.23186390
169.91201352 -44.22577533
169.92044730 -44.21968612
169.92887934 -44.21359628
169.93730962 -44.20750581
169.94590528 -44.20219359
169.95449938 -44.19688073
169.96309193 -44.19156722
169.97168292 -44.18625307
169.98027235 -44.18093825
169.98886023 -44.17562279
169.99744655 -44.17030667
170.00603131 -44.16498989
170.01452626 -44.15895531
170.02301946 -44.15292010
170.03151091 -44.14688424
170.04000061 -44.14084774
170.04848857 -44.13481061
170.05697478 -44.12877283
170.06545925 -44.12273442
170.07394197 -44.11669536
170.08053820 -44.11031004
170.08713299 -44.10392434
170.09372636 -44.09753825
170.10031830 -44.09115175
170.10690882 -44.08476489
170.11349791 -44.07837764
170.12171508 -44.07246761
170.12993060 -44.06655698
170.13814448 -44.06064574
170.14635671 -44.05473391
170.15456730 -44.04882147
170.16277624 -44.04290844
170.17098354 -44.03699480
170.17918919 -44.03108057
170.18739321 -44.02516574
170.19625335 -44.01930605
170.20511176 -44.01344566
170.21396841 -44.00758458
170.22282332 -44.00172280
170.23167647 -43.99586032
170.24052787 -43.98999713
170.24912358 -43.98382081
170.25771750 -43.97764383
170.26630962 -43.97146620
170.27489995 -43.96528791
170.28348850 -43.95910896
170.29207525 -43.95292935
170.30008440 -43.94770564
170.30809216 -43.94248137
170.31609850 -43.93725652
170.32410344 -43.93203110
170.33210697 -43.92680511
170.34010909 -43.92157854
170.34810980 -43.91635141
170.35717548 -43.91151839
170.36623968 -43.90668464
170.37530241 -43.90185016
170.38436368 -43.89701493
170.39342350 -43.89217893
170.40248186 -43.88734220
170.41153882 -43.88250474
170.42059431 -43.87766655
170.43017878 -43.87305648
170.43976175 -43.86844560
170.44934325 -43.86383391
170.45892326 -43.85922141
170.46850178 -43.85460810
170.47807883 -43.84999397
170.48765439 -43.84537904
170.49722846 -43.84076329
170.50657169 -43.83657572
170.51591361 -43.83238738
170.52525421 -43.82819827
170.53459351 -43.82400839
170.54393149 -43.81981773
170.55326816 -43.81562631
170.56260351 -43.81143412
170.57249295 -43.80789106
170.58238122 -43.80434714
170.59226831 -43.80080236
170.60215423 -43.79725671
170.61203900 -43.79371022
170.62192258 -43.79016286
170.63180500 -43.78661464
170.64168624 -43.78306556
170.65205130 -43.77867183
170.66241483 -43.77427715
170.67277684 -43.76988152
170.68313732 -43.76548495
170.69349628 -43.76108742
170.70385373 -43.75668896
170.71420965 -43.75228956
170.72456405 -43.74788921
170.73491694 -43.74348792
170.74538066 -43.73959613
170.75584303 -43.73570338
170.76630404 -43.73180966
170.77676369 -43.72791498
170.78722199 -43.72401933
170.79767892 -43.72012273
170.80813450 -43.71622516
170.81858872 -43.71232662
170.82904158 -43.70842713
170.83949308 -43.70452667
170.84994322 -43.70062525
170.86039202 -43.69672286
170.87083947 -43.69281950
170.88128555 -43.68891518
170.89173028 -43.68500990
170.90257946 -43.68170664
170.91342747 -43.67840233
170.92427428 -43.67509699
170.93511991 -43.67179061
170.94596434 -43.66848319
170.95680758 -43.66517474
170.96764962 -43.66186525
170.97849047 -43.65855473
170.98933013 -43.65524318
171.00016859 -43.65193059
171.01148126 -43.64912547
171.02279287 -43.64631923
171.03410342 -43.64351186
171.04541292 -43.64070337
171.05672137 -43.63789376
171.06802876 -43.63508302
171.07933510 -43.63227115
171.09064038 -43.62945817
171.10194460 -43.62664406
171.11324776 -43.62382885
171.12422064 -43.62105478
171.13519252 -43.61827965
171.14616338 -43.61550347
171.15713324 -43.61272622
171.16810208 -43.60994793
171.17906991 -43.60716857
171.19003673 -43.60438816
171.20100254 -43.60160669
171.21196733 -43.59882418
171.22293111 -43.59604061
171.23389388 -43.59325598
171.24485563 -43.59047030
171.25581638 -43.58768357
171.26677610 -43.58489578
171.27773482 -43.58210693
171.28928473 -43.58059817
171.30083407 -43.57908824
171.31238281 -43.57757714
171.32393098 -43.57606487
171.33547857 -43.57455143
171.34702558 -43.57303683
171.35857201 -43.57152105
171.37011786 -43.57000411
171.38166313 -43.56848599
171.39320782 -43.56696671
171.40475190 -43.56544626
171.41629534 -43.56392464
171.42783819 -43.56240185
171.43938047 -43.56087790
171.45092216 -43.55935277
171.46246327 -43.55782649
171.47400380 -43.55629903
171.48555843 -43.55451239
171.49711238 -43.55272458
171.50866565 -43.55093560
171.52021823 -43.54914546
171.53177012 -43.54735414
171.54332133 -43.54556166
171.55487186 -43.54376802
171.56659487 -43.54132458
171.57831694 -43.53887995
171.59003806 -43.53643411
171.60175824 -43.53398708
171.61347751 -43.53153885
171.62519583 -43.52908941
171.63691320 -43.52663878
171.64862962 -43.52418694
171.65991497 -43.52135884
171.67119928 -43.51852963
171.68248252 -43.51569930
171.69376471 -43.51286786
171.70504585 -43.51003531
171.71632596 -43.50720164
171.72760501 -43.50436686
171.73846028 -43.50162841
171.74931456 -43.49888892
171.76016788 -43.49614840
171.77102022 -43.49340684
171.78131700 -43.49035213
171.79161274 -43.48729650
171.80190744 -43.48423994
171.81220111 -43.48118245
171.82249373 -43.47812403
171.83278532 -43.47506469
171.84307587 -43.47200443
171.85321755 -43.46935008
171.86335834 -43.46669482
171.87349824 -43.46403867
171.88363726 -43.46138163
171.89377538 -43.45872368
171.90391263 -43.45606484
171.91404901 -43.45340509
171.92359400 -43.44980319
171.93313785 -43.44620050
171.94268056 -43.44259701
171.95222214 -43.43899273
171.96176258 -43.43538765
171.97130189 -43.43178177
171.98165346 -43.42839073
171.99200387 -43.42499875
172.00235312 -43.42160584
172.01270121 -43.41821199
172.02304814 -43.41481721
172.03339391 -43.41142149
172.04373852 -43.40802483
172.05408197 -43.40462725
172.06479032 -43.40132103
172.07549752 -43.39801381
172.08620356 -43.39470561
172.09690843 -43.39139641
172.10761213 -43.38808621
172.11831466 -43.38477501
172.12901602 -43.38146281
172.13971621 -43.37814962
172.15053162 -43.37527011
172.16134599 -43.37238958
172.17215934 -43.36950803
172.18297166 -43.36662546
172.19378295 -43.36374188
172.20459322 -43.36085728
172.21540245 -43.35797166
172.22682243 -43.35510191
172.23824132 -43.35223103
172.24965914 -43.34935901
172.26107587 -43.34648586
172.27249153 -43.34361158
172.28390610 -43.34073616
172.29531959 -43.33785961
172.30673199 -43.33498194
172.31742633 -43.33275979
172.32811989 -43.33053664
172.33881266 -43.32831250
172.34950464 -43.32608736
172.36019584 -43.32386123
172.37088626 -43.32163411
172.38157589 -43.31940600
172.39226473 -43.31717689
172.40295279 -43.31494680
172.41364008 -43.31271577
172.42393641 -43.31035673
172.43423194 -43.30799677
172.44452666 -43.30563590
172.45482059 -43.30327410
172.46511372 -43.30091137
172.47540605 -43.29854773
172.48569758 -43.29618318
172.49598832 -43.29381770
172.50664286 -43.29172081
172.51729667 -43.28962294
172.52794973 -43.28752408
172.53860206 -43.28542423
172.54925366 -43.28332339
172.55990451 -43.28122157
172.57055463 -43.27911876
172.58120400 -43.27701497
172.59247038 -43.27392998
172.60373561 -43.27084387
172.61499969 -43.26775663
172.62626262 -43.26466828
172.63752442 -43.26157884
172.64878507 -43.25848830
172.66004458 -43.25539665
172.67130295 -43.25230391
172.68107193 -43.24770069
172.69083945 -43.24309664
172.70060550 -43.23849176
172.71037007 -43.23388604
172.72013317 -43.22927949
172.72989481 -43.22467212
172.73965498 -43.22006391
172.74941368 -43.21545489
172.75917091 -43.21084503
172.76862816 -43.20590015
172.77808388 -43.20095449
172.78753807 -43.19600806
172.79699074 -43.19106086
172.80644188 -43.18611288
172.81589150 -43.18116412
172.82533960 -43.17621459
172.83478618 -43.17126429
172.84423123 -43.16631321
172.85367477 -43.16136136
172.86311678 -43.15640873
172.87255727 -43.15145533
172.88199624 -43.14650116
172.89042166 -43.14041870
172.89884542 -43.13433562
172.90726751 -43.12825192
172.91568794 -43.12216760
172.92410671 -43.11608267
172.93252382 -43.10999712
172.94093927 -43.10391095
172.94935307 -43.09782416
172.95776521 -43.09173676
172.96617569 -43.08564875
172.97556576 -43.08004077
172.98495413 -43.07443204
172.99434079 -43.06882254
173.00372575 -43.06321227
173.01310901 -43.05760124
173.02249056 -43.05198945
173.03187041 -43.04637689
173.04124856 -43.04076357
173.05062500 -43.03514950
173.05999975 -43.02953466
173.06937280 -43.02391906
173.07874414 -43.01830270
173.08811378 -43.01268558
173.09748173 -43.00706770
173.10684796 -43.00144908
173.11621249 -42.99582972
173.12557530 -42.99020961
173.13493642 -42.98458875
173.14429583 -42.97896713
173.15365355 -42.97334475
173.16300957 -42.96772161
173.17236388 -42.96209772
173.18171650 -42.95647307
173.19106742 -42.95084766
173.20041663 -42.94522149
173.20976415 -42.93959457
173.21910997 -42.93396690
173.22845409 -42.92833846
173.23779651 -42.92270927
173.24713723 -42.91707932
173.25647626 -42.91144862
173.26581360 -42.90581716
173.27514924 -42.90018494
173.28448317 -42.89455196
173.29381536 -42.88891822
173.30314589 -42.88328373
173.31247484 -42.87764852
173.32210187 -42.87299543
173.33172758 -42.86834158
173.34135186 -42.86368693
173.35097464 -42.85903148
173.36059597 -42.85437522
173.37021583 -42.84971815
173.37983423 -42.84506028
173.38945118 -42.84040160
173.39906668 -42.83574212
173.40868073 -42.83108182
173.41829335 -42.82642073
173.42790454 -42.82175885
173.43751430 -42.81709619
173.44718942 -42.81272942
173.45686317 -42.80836183
173.46653556 -42.80399344
173.47620657 -42.79962424
173.48587620 -42.79525422
173.49554447 -42.79088339
173.50521135 -42.78651174
173.51487685 -42.78213929
173.52454101 -42.77776604
173.53420379 -42.77339197
173.54386521 -42.76901710
173.55401048 -42.76468244
173.56415432 -42.76034689
173.57429672 -42.75601044
173.58443769 -42.75167310
173.59457723 -42.74733488
173.60471538 -42.74299577
173.61485213 -42.73865577
173.62498746 -42.73431490
173.63512136 -42.72997313
173.64525385 -42.72563048
173.65578311 -42.72145793
173.66631096 -42.71728443
173.67683739 -42.71310997
173.68736242 -42.70893456
173.69788613 -42.70475820
173.70840839 -42.70058089
173.71892921 -42.69640263
173.72944863 -42.69222342
173.73996671 -42.68804326
173.75048338 -42.68386214
173.76099866 -42.67968008
173.77011196 -42.67418684
173.77922368 -42.66869288
173.78833381 -42.66319821
173.79744235 -42.65770283
173.80654931 -42.65220675
173.81565469 -42.64670995
173.82475849 -42.64121244
173.83386070 -42.63571422
173.84296132 -42.63021530
173.85206037 -42.62471566
173.86115791 -42.61921529
173.87025384 -42.61371422
173.87934817 -42.60821245
173.88844087 -42.60270999
173.89753195 -42.59720683
173.90662146 -42.59170296
173.91508234 -42.58555830
173.92354163 -42.57941301
173.93199926 -42.57326712
173.94045525 -42.56712061
173.94864450 -42.56061045
173.95683208 -42.55409972
173.96501797 -42.54758842
173.97320217 -42.54107654
173.98138469 -42.53456410
173.98956553 -42.52805108
173.99774470 -42.52153749
174.00592218 -42.51502333
174.01409799 -42.50850859
174.02227211 -42.50199329
174.03044458 -42.49547742
174.03861539 -42.48896099
174.04678451 -42.48244399
174.05495196 -42.47592642
174.06311772 -42.46940829
174.07128182 -42.46288958
174.07944424 -42.45637031
174.08760499 -42.44985046
174.09576405 -42.44333005
174.10392143 -42.43680907
174.11207712 -42.43028750
174.12023115 -42.42376537
174.12838350 -42.41724266
174.13653418 -42.41071939
174.14468320 -42.40419555
174.15283056 -42.39767113
174.16097626 -42.39114616
174.16912029 -42.38462061
174.17701328 -42.37835714
174.18490473 -42.37209313
174.19279463 -42.36582858
174.20068297 -42.35956351
174.20856977 -42.35329789
174.21645501 -42.34703174
174.22433871 -42.34076506
174.23222087 -42.33449784
174.24010148 -42.32823009
174.24798055 -42.32196181
174.25585806 -42.31569299
174.26373404 -42.30942363
174.27160848 -42.30315374
174.27939895 -42.29687507
174.28718793 -42.29059589
174.29497537 -42.28431617
174.30276128 -42.27803593
174.31054565 -42.27175517
174.31832849 -42.26547388
174.32610980 -42.25919207
174.33388957 -42.25290973
174.34166782 -42.24662688
174.35035030 -42.24080942
174.35903120 -42.23499132
174.36771051 -42.22917256
174.37638823 -42.22335316
174.38506438 -42.21753310
174.39373895 -42.21171241
174.40241193 -42.20589106
174.41108331 -42.20006906
174.41975311 -42.19424641
174.42842133 -42.18842313
174.43708799 -42.18259920
174.44575305 -42.17677463
174.45441653 -42.17094941
174.46307843 -42.16512356
174.47173876 -42.15929706
174.48039752 -42.15346992
174.48905469 -42.14764215
174.49771030 -42.14181373
174.50636434 -42.13598467
174.51501680 -42.13015498
174.52366772 -42.12432464
174.53231701 -42.11849365
174.54096471 -42.11266203
174.54961082 -42.10682977
174.55825535 -42.10099686
174.56689833 -42.09516331
174.57589355 -42.09021769
174.58488739 -42.08527137
174.59387985 -42.08032437
174.60287091 -42.07537667
174.61186058 -42.07042830
174.62084887 -42.06547923
174.62983577 -42.06052947
174.63882128 -42.05557903
174.64723464 -42.04955203
174.65564642 -42.04352443
174.66405662 -42.03749622
174.67246526 -42.03146741
174.68087233 -42.02543800
174.68927784 -42.01940798
174.69768179 -42.01337736
174.70608416 -42.00734614
174.71448495 -42.00131432
174.72288407 -41.99528188
174.73128159 -41.98924885
174.73967758 -41.98321521
174.74807200 -41.97718097
174.75646486 -41.97114613
174.76485615 -41.96511069
174.77461718 -41.96019728
174.78437672 -41.95528306
174.79413477 -41.95036803
174.80389135 -41.94545219
174.81364647 -41.94053555
174.82340013 -41.93561810
174.83315225 -41.93069984
174.84290285 -41.92578077
174.85265199 -41.92086089
174.86239977 -41.91594021
174.87214605 -41.91101871
174.88189085 -41.90609641
174.89163416 -41.90117329
174.90137598 -41.89624938
174.91111630 -41.89132465
174.92085514 -41.88639911
174.93059248 -41.88147277
174.94032834 -41.87654563
174.95116066 -41.87330105
174.96199187 -41.87005547
174.97282197 -41.86680889
174.98365098 -41.86356132
174.99447889 -41.86031275
175.00530569 -41.85706318
175.01613140 -41.85381262
175.02688624 -41.85124300
175.03764020 -41.84867240
175.04839329 -41.84610082
175.05914551 -41.84352825
175.06989686 -41.84095470
175.08064733 -41.83838016
175.09139693 -41.83580464
175.10214566 -41.83322814
175.11289353 -41.83065065
175.12408575 -41.82869940
175.13527727 -41.82674708
175.14646810 -41.82479370
175.15765823 -41.82283924
175.16884766 -41.82088373
175.18003639 -41.81892714
175.19122442 -41.81696949
175.20241176 -41.81501077
175.21359840 -41.81305099
175.22407722 -41.80960191
175.23455491 -41.80615189
175.24503147 -41.80270095
175.25550690 -41.79924908
175.26598119 -41.79579627
175.27645436 -41.79234254
175.28692640 -41.78888788
175.29739730 -41.78543229
175.30786710 -41.78197577
175.31833578 -41.77851833
175.32880333 -41.77505996
175.33883904 -41.77088730
175.34887346 -41.76671380
175.35890658 -41.76253944
175.36893840 -41.75836424
175.37896892 -41.75418818
175.38899815 -41.75001128
175.39902608 -41.74583353
175.40905271 -41.74165493
175.41907805 -41.73747548
175.42804478 -41.73223711
175.43701006 -41.72699806
175.44597390 -41.72175834
175.45493630 -41.71651793
175.46389726 -41.71127685
175.47285678 -41.70603510
175.48181486 -41.70079267
175.49077149 -41.69554956
175.49972666 -41.69030577
175.50868043 -41.68506132
175.51763277 -41.67981619
175.52658366 -41.67457038
175.53553313 -41.66932391
175.54448115 -41.66407675
175.55342774 -41.65882893
175.56255402 -41.65333816
175.57167877 -41.64784668
175.58080199 -41.64235451
175.58992368 -41.63686163
175.59904384 -41.63136806
175.60816249 -41.62587379
175.61727960 -41.62037882
175.62639519 -41.61488316
175.63550925 -41.60938679
175.64462178 -41.60388973
175.65274080 -41.59741380
175.66085822 -41.59093732
175.66897406 -41.58446028
175.67708830 -41.57798269
175.68520095 -41.57150455
175.69331200 -41.56502585
175.70142147 -41.55854660
175.70952936 -41.55206680
175.71763565 -41.54558644
175.72574036 -41.53910553
175.73384348 -41.53262406
175.74194501 -41.52614205
175.75004496 -41.51965948
175.75814332 -41.51317636
175.76624009 -41.50669269
175.77437150 -41.50106550
175.78250152 -41.49543775
175.79063015 -41.48980946
175.79875739 -41.48418061
175.80688326 -41.47855120
175.81442576 -41.47264937
175.82196692 -41.46674707
175.82950674 -41.46084428
175.83704522 -41.45494102
175.84458235 -41.44903728
175.85211814 -41.44313307
175.85965260 -41.43722837
175.86718571 -41.43132320
175.87471749 -41.42541756
175.88224792 -41.41951144
175.88934739 -41.41247162
175.89644537 -41.40543137
175.90354185 -41.39839069
175.91063685 -41.39134960
175.91773036 -41.38430808
175.92482237 -41.37726613
175.93191288 -41.37022376
175.93900191 -41.36318097
175.94608945 -41.35613775
175.95317549 -41.34909411
175.95954253 -41.34297396
175.96590840 -41.33685347
175.97227311 -41.33073263
175.97863666 -41.32461146
175.98499904 -41.31848994
175.99136026 -41.31236808
176.00124707 -41.30734644
176.01113238 -41.30232398
176.02101618 -41.29730069
176.02849303 -41.29081402
176.03596843 -41.28432689
176.04344238 -41.27783928
176.05091488 -41.27135121
176.05838594 -41.26486267
176.06585554 -41.25837365
176.07332370 -41.25188417
176.08079042 -41.24539423
176.08825569 -41.23890381
176.09571951 -41.23241293
176.10382448 -41.22683393
176.11192809 -41.22125438
176.12003035 -41.21567428
176.12813125 -41.21009364
176.13623080 -41.20451245
176.14432899 -41.19893070
176.15242584 -41.19334842
176.16052134 -41.18776558
176.16861549 -41.18218220
176.17670828 -41.17659826
176.18479972 -41.17101379
176.19288981 -41.16542876
176.20191068 -41.15984999
176.21093003 -41.15427054
176.21994787 -41.14869041
176.22896420 -41.14310960
176.23797902 -41.13752811
176.24699233 -41.13194595
176.25600414 -41.12636311
176.26501444 -41.12077959
176.27402323 -41.11519539
176.28303051 -41.10961052
176.29203629 -41.10402497
176.30197354 -41.09912230
176.31190933 -41.09421881
176.32184364 -41.08931449
176.33177649 -41.08440935
176.34170788 -41.07950339
176.35163779 -41.07459660
176.36156624 -41.06968900
176.37149323 -41.06478057
176.38141874 -41.05987132
176.39134280 -41.05496125
176.40126538 -41.05005036
176.41118650 -41.04513865
176.42110616 -41.04022613
176.43012736 -41.03566933
176.43914733 -41.03111186
176.44816607 -41.02655371
176.45718357 -41.02199488
176.46619983 -41.01743538
176.47521486 -41.01287520
176.48422866 -41.00831434
176.49324123 -41.00375281
176.50225256 -40.99919061
176.51126266 -40.99462773
176.51966093 -40.98922451
176.52805784 -40.98382071
176.53645341 -40.97841633
176.54484762 -40.97301136
176.55324048 -40.96760581
176.56163200 -40.96219968
176.57002216 -40.95679296
176.57841098 -40.95138565
176.58679845 -40.94597776
176.59518457 -40.94056929
176.60392463 -40.93553064
176.61266339 -40.93049134
176.62140083 -40.92545142
176.63013697 -40.92041086
176.63887179 -40.91536967
176.64760530 -40.91032785
176.65633750 -40.90528539
176.66506839 -40.90024230
176.67379797 -40.89519859
176.68215618 -40.88899233
176.69051286 -40.88278550
176.69886801 -40.87657809
176.70722164 -40.87037009
176.71557375 -40.86416152
176.72392433 -40.85795237
176.73227338 -40.85174264
176.74062090 -40.84553233
176.74896689 -40.83932145
176.75731136 -40.83310999
176.76565430 -40.82689796
176.77399572 -40.82068535
176.78233561 -40.81447216
176.79067398 -40.80825840
176.79901083 -40.80204406
176.80734614 -40.79582915
176.81567993 -40.78961367
176.82401220 -40.78339762
176.83234294 -40.77718100
176.84067217 -40.77096380
176.84899987 -40.76474603
176.85732606 -40.75852768
176.86565073 -40.75230877
176.87397388 -40.74608928
176.88229551 -40.73986921
176.89061563 -40.73364858
176.89839693 -40.72730786
176.90617678 -40.72096663
176.91395519 -40.71462490
176.92173216 -40.70828266
176.92950769 -40.70193992
176.93728178 -40.69559669
176.94505444 -40.68925296
176.95282565 -40.68290872
176.96059542 -40.67656399
176.96836376 -40.67021876
176.97613066 -40.66387303
176.98389612 -40.65752680
176.99195987 -40.65095517
177.00002208 -40.64438301
177.00808274 -40.63781031
177.01614186 -40.63123707
177.02419944 -40.62466329
177.03225548 -40.61808898
177.04030997 -40.61151413
177.04836292 -40.60493875
177.05641433 -40.59836283
177.06446422 -40.59178640
177.07317123 -40.58575859
177.08187671 -40.57973015
177.09058066 -40.57370109
177.09928307 -40.56767140
177.10798395 -40.56164108
177.11668329 -40.55561013
177.12394839 -40.54915256
177.13121214 -40.54269454
177.13847452 -40.53623610
177.14573555 -40.52977721
177.15299521 -40.52331789
177.16025352 -40.51685813
177.16751048 -40.51039794
177.17476607 -40.50393731
177.18202032 -40.49747624
177.18927321 -40.49101474
177.19652474 -40.48455281
177.20377492 -40.47809044
177.21118094 -40.47118835
177.21858548 -40.46428581
177.22598854 -40.45738282
177.23339014 -40.45047938
177.24079026 -40.44357548
177.24818890 -40.43667112
177.25558608 -40.42976631
177.26298178 -40.42286105
177.27037602 -40.41595534
177.27776878 -40.40904917
177.28516008 -40.40214255
177.29180976 -40.39525356
177.29845814 -40.38836422
177.30510520 -40.38147451
177.31175094 -40.37458442
177.31839538 -40.36769397
177.32503850 -40.36080316
177.33168031 -40.35391197
177.33832081 -40.34702042
177.34496001 -40.34012850
177.35159789 -40.33323621
177.35823446 -40.32634356
177.36486973 -40.31945054
177.37150368 -40.31255716
177.37813633 -40.30566341
177.38514746 -40.29844831
177.39215714 -40.29123280
177.39916538 -40.28401688
177.40617217 -40.27680055
177.41317751 -40.26958381
177.42018141 -40.26236666
177.42718386 -40.25514911
177.43282087 -40.24849435
177.43845682 -40.24183932
177.44409169 -40.23518403
177.44972551 -40.22852847
177.45535825 -40.22187264
177.46098994 -40.21521655
177.46662056 -40.20856019
177.47225012 -40.20190357
177.47893320 -40.19472895
177.48561493 -40.18755396
177.49229530 -40.18037860
177.49897430 -40.17320287
177.50565194 -40.16602676
177.51232822 -40.15885029
177.51900313 -40.15167344
177.52567669 -40.14449622
177.53234888 -40.13731864
177.53901971 -40.13014068
177.54568919 -40.12296235
177.55235730 -40.11578365
177.55902406 -40.10860458
177.56568946 -40.10142514
177.57235351 -40.09424533
177.57901620 -40.08706516
177.58567754 -40.07988462
177.59233752 -40.07270371
177.59810921 -40.06552352
177.60387973 -40.05834306
177.60964908 -40.05116231
177.61541726 -40.04398128
177.62118427 -40.03679998
177.62695011 -40.02961839
177.63271479 -40.02243653
177.63847830 -40.01525438
177.64424065 -40.00807196
177.65000184 -40.00088925
177.65576186 -39.99370627
177.66152073 -39.98652302
177.66727844 -39.97933949
177.67303498 -39.97215568
177.67952497 -39.96564828
177.68601376 -39.95914053
177.69250136 -39.95263244
177.69898777 -39.94612399
177.70547298 -39.93961520
177.71195700 -39.93310606
177.71843983 -39.92659657
177.72492146 -39.92008673
177.73140191 -39.91357654
177.73788116 -39.90706600
177.74435922 -39.90055512
177.75044420 -39.89299005
177.75652790 -39.88542468
177.76261031 -39.87785899
177.76869142 -39.87029299
177.77477125 -39.86272668
177.78084979 -39.85516006
177.78692704 -39.84759313
177.79300300 -39.84002588
177.79907768 -39.83245833
177.80602465 -39.82558585
177.81297028 -39.81871297
177.81991456 -39.81183969
177.82685750 -39.80496602
177.83379909 -39.79809194
177.84073935 -39.79121747
177.84767827 -39.78434259
177.85461585 -39.77746732
177.86155209 -39.77059165
177.86848698 -39.76371558
177.87542054 -39.75683912
177.88235276 -39.74996225
177.88928364 -39.74308499
177.89621317 -39.73620733
177.90314138 -39.72932927
177.90986886 -39.72201679
177.91659497 -39.71470394
177.92331970 -39.70739071
177.93004306 -39.70007710
177.93676504 -39.69276311
177.94348565 -39.68544875
177.95020489 -39.67813402
177.95692276 -39.67081891
177.96363925 -39.66350342
177.97035436 -39.65618756
177.97706811 -39.64887132
177.98417261 -39.64180536
177.99127571 -39.63473897
177.99837740 -39.62767217
178.00547769 -39.62060496
178.01257657 -39.61353733
178.01967404 -39.60646928
178.02677011 -39.59940081
178.03386479 -39.59233193
178.04095807 -39.58526263
178.04804995 -39.57819291
178.05514043 -39.57112278
178.06222950 -39.56405223
178.06931718 -39.55698126
178.07640346 -39.54990988
178.08348834 -39.54283809
178.09057182 -39.53576588
178.09765391 -39.52869325
178.10473459 -39.52162021
178.11100084 -39.51466219
178.11726587 -39.50770385
178.12352969 -39.50074519
178.12979231 -39.49378619
178.13605371 -39.48682686
178.14231391 -39.47986721
178.14857290 -39.47290723
178.15483068 -39.46594693
178.16108726 -39.45898630
178.16640585 -39.45101717
178.17172328 -39.44304779
178.17703955 -39.43507817
178.18235465 -39.42710831
178.18766859 -39.41913821
178.19458090 -39.41281430
178.20149198 -39.40649000
178.20840184 -39.40016531
178.21531049 -39.39384022
178.22221792 -39.38751473
178.22757810 -39.38025639
178.23293721 -39.37299781
178.23829525 -39.36573899
178.24365222 -39.35847992
178.24900811 -39.35122061
178.25436295 -39.34396106
178.25971671 -39.33670126
178.26506940 -39.32944122
178.27042103 -39.32218095
178.27577158 -39.31492042
178.28178739 -39.30780425
178.28780202 -39.30068778
178.29381548 -39.29357100
178.29982776 -39.28645392
178.30583887 -39.27933654
178.31184880 -39.27221885
178.31785754 -39.26510086
178.32386512 -39.25798257
178.32987151 -39.25086398
178.33558856 -39.24332082
178.34130443 -39.23577738
178.34701912 -39.22823367
178.35273262 -39.22068968
178.35844495 -39.21314542
178.36415609 -39.20560088
178.36986605 -39.19805607
178.37557483 -39.19051098
178.38128243 -39.18296562
178.38698885 -39.17541998
178.39269409 -39.16787407
178.39839816 -39.16032788
178.40415500 -39.15281867
178.40991065 -39.14530919
178.41566511 -39.13779942
178.42141840 -39.13028937
178.42717050 -39.12277905
178.43292142 -39.11526844
178.43867116 -39.10775756
178.44441971 -39.10024640
178.45016711 -39.09273496
178.45591333 -39.08522325
178.46165838 -39.07771126
178.46740224 -39.07019899
178.47314492 -39.06268644
178.47888642 -39.05517360
178.48462674 -39.04766050
178.49036588 -39.04014711
178.49610384 -39.03263344
178.50184061 -39.02511949
178.50681140 -39.01825840
178.51178125 -39.01139710
178.51675018 -39.00453558
178.52171817 -38.99767386
178.52668523 -38.99081193
178.53165137 -38.98394978
178.53661657 -38.97708743
178.54158085 -38.97022486
178.54678789 -38.96257455
178.55199384 -38.95492400
178.55719871 -38.94727322
178.56240249 -38.93962220
178.56760520 -38.93197096
178.57280682 -38.92431948
178.57800736 -38.91666777
178.58320681 -38.90901583
178.58840519 -38.90136366
178.59360249 -38.89371125
178.59879871 -38.88605861
178.60399384 -38.87840574
178.60824217 -38.87038083
178.61248957 -38.86235576
178.61673606 -38.85433052
178.62098162 -38.84630513
178.62522627 -38.83827957
178.62947000 -38.83025385
178.63371281 -38.82222798
178.63795470 -38.81420194
178.64219567 -38.80617574
178.64643573 -38.79814938
178.65067487 -38.79012285
178.65491309 -38.78209617
178.65915039 -38.77406932
178.66338678 -38.76604232
178.66762226 -38.75801515
178.67185682 -38.74998783
178.67609046 -38.74196034
178.68032319 -38.73393270
178.68455500 -38.72590490
178.68878590 -38.71787694
178.69301589 -38.70984882
178.69724496 -38.70182054
178.70147311 -38.69379210
178.70570035 -38.68576349
178.70793426 -38.67720073
178.71016767 -38.66863792
178.71240058 -38.66007504
178.71463298 -38.65151211
178.71686489 -38.64294912
178.71909629 -38.63438607
178.72132720 -38.62582296
178.72355761 -38.61725980
178.72578751 -38.60869657
178.72801692 -38.60013329
178.73024582 -38.59156994
178.73247423 -38.58300653
178.73470213 -38.57444306
178.73692954 -38.56587953
178.73915645 -38.55731595
178.74138286 -38.54875231
178.74360876 -38.54018862
178.74583417 -38.53162486
178.74805908 -38.52306105
178.75028350 -38.51449719
178.75083287 -38.50587373
178.75138213 -38.49725024
178.75193128 -38.48862672
178.75248033 -38.48000318
178.75302927 -38.47137961
178.75357811 -38.46275603
178.75412683 -38.45413242
178.75467546 -38.44550879
178.75522397 -38.43688514
178.75577238 -38.42826146
178.75632069 -38.41963777
178.75686888 -38.41101406
178.75741697 -38.40239032
178.75796495 -38.39376656
178.75851282 -38.38514276
178.75906059 -38.37651895
178.75960824 -38.36789511
178.76015579 -38.35927126
178.76070324 -38.35064739
178.76086593 -38.34243354
178.76102860 -38.33421967
178.76119126 -38.32600579
178.76135390 -38.31779189
178.76151653 -38.30957798
178.76167913 -38.30136405
178.76184172 -38.29315009
178.76200429 -38.28493612
178.76216684 -38.27672213
178.76232937 -38.26850813
178.76249188 -38.26029411
178.76057014 -38.25237316
178.75864882 -38.24445215
178.75672794 -38.23653109
178.75480749 -38.22860998
178.75288747 -38.22068882
178.75096788 -38.21276761
178.74904872 -38.20484635
178.74713000 -38.19692504
178.74655149 -38.18802630
178.74597315 -38.17912755
178.74539497 -38.17022877
178.74481695 -38.16132997
178.74423910 -38.15243115
178.74366140 -38.14353231
178.74308387 -38.13463346
178.74250649 -38.12573458
178.74192928 -38.11683569
178.74135223 -38.10793678
178.74077534 -38.09903785
178.74019860 -38.09013891
178.73962202 -38.08123994
178.73904560 -38.07234096
178.73846934 -38.06344196
178.73789324 -38.05454295
178.73731731 -38.04564391
178.73674153 -38.03674487
178.73616591 -38.02784580
178.73559045 -38.01894673
178.73501514 -38.01004763
178.73444000 -38.00114852
178.73386501 -37.99224940
178.73329018 -37.98335025
178.73271550 -37.97445109
178.73214098 -37.96555192
178.73156662 -37.95665274
178.73099242 -37.94775354
178.73041838 -37.93885433
178.72984449 -37.92995510
178.72927076 -37.92105586
178.72869720 -37.91215661
178.72812378 -37.90325735
178.72755053 -37.89435808
178.72697743 -37.88545879
178.72640449 -37.87655949
178.72583171 -37.86766018
178.72525908 -37.85876086
178.72468662 -37.84986153
178.72411430 -37.84096219
178.72354215 -37.83206284
178.72297015 -37.82316347
178.72239831 -37.81426410
178.72182663 -37.80536472
178.71965344 -37.79696620
178.71748076 -37.78856762
178.71530859 -37.78016898
178.71313694 -37.77177030
178.71096579 -37.76337157
178.70879515 -37.75497279
178.70662503 -37.74657396
178.70445541 -37.73817508
178.70324575 -37.73002670
178.70203636 -37.72187830
178.70082727 -37.71372988
178.69961845 -37.70558144
178.69840991 -37.69743299
178.69720166 -37.68928454
178.69599368 -37.68113606
178.69478599 -37.67298757
178.69105400 -37.66520393
178.68732280 -37.65742015
178.68359241 -37.64963624
178.67986282 -37.64185221
178.67613403 -37.63406804
178.67240603 -37.62628375
178.66867884 -37.61849934
178.66495244 -37.61071479
178.66068727 -37.60322558
178.65642298 -37.59573621
178.65215957 -37.58824669
178.64789704 -37.58075700
178.64363538 -37.57326715
178.63937460 -37.56577714
178.63511470 -37.55828696
178.63085567 -37.55079662
178.62616039 -37.54314863
178.62146609 -37.53550044
178.61677277 -37.52785205
178.61208044 -37.52020347
178.60738909 -37.51255469
178.60269873 -37.50490571
178.59560118 -37.49840975
178.58850489 -37.49191335
178.58140985 -37.48541651
178.57115245 -37.48257638
178.56089583 -37.47973533
178.55063999 -37.47689338
178.54038493 -37.47405051
178.53119352 -37.47139381
178.52200277 -37.46873638
178.51281266 -37.46607822
178.50362321 -37.46341932
178.49242897 -37.46393078
178.48123455 -37.46444116
178.47003996 -37.46495046
178.45884520 -37.46545868
178.44765026 -37.46596583
178.43645515 -37.46647189
178.42525987 -37.46697688
178.41406441 -37.46748079
178.40286879 -37.46798362
178.39167298 -37.46848538
178.38047701 -37.46898607
178.36928086 -37.46948567
178.35808454 -37.46998420
178.34688806 -37.47048165
178.33569140 -37.47097802
178.32449457 -37.47147332
178.31400191 -37.47339695
178.30350869 -37.47531965
178.29301487 -37.47724143
178.28252046 -37.47916228
178.27281015 -37.48130483
178.26309926 -37.48344658
178.25338779 -37.48558752
178.24367573 -37.48772766
178.23396310 -37.48986700
178.22424989 -37.49200552
178.21453611 -37.49414324
178.20482174 -37.49628016
178.19423454 -37.49905658
178.18364656 -37.50183204
178.17305776 -37.50460656
178.16246815 -37.50738011
178.15187773 -37.51015271
178.14128650 -37.51292436
178.13069445 -37.51569504
178.12010160 -37.51846478
178.10950793 -37.52123355
178.09891346 -37.52400137
178.08831829 -37.52676823
178.07772230 -37.52953413
178.06712550 -37.53229907
178.05652789 -37.53506306
178.04592946 -37.53782609
178.03533023 -37.54058817
178.02473019 -37.54334929
178.01412934 -37.54610945
178.00352767 -37.54886866
177.99292520 -37.55162690
177.98403668 -37.55649783
177.97514697 -37.56136809
177.96625607 -37.56623769
177.95736400 -37.57110662
177.94847074 -37.57597489
177.93957629 -37.58084249
177.93068066 -37.58570943
177.92178385 -37.59057570
177.91288586 -37.59544131
177.90398669 -37.60030626
177.89508636 -37.60517053
177.88618486 -37.61003413
177.87728218 -37.61489706
177.86862028 -37.61992340
177.85995718 -37.62494911
177.85129289 -37.62997419
177.84262741 -37.63499864
177.83396074 -37.64002247
177.82529288 -37.64504566
177.81662383 -37.65006822
177.80795359 -37.65509015
177.79928215 -37.66011146
177.79060954 -37.66513213
177.78193574 -37.67015216
177.77326075 -37.67517157
177.76458456 -37.68019035
177.75590718 -37.68520850
177.74722861 -37.69022601
177.73854885 -37.69524289
177.73038365 -37.70099354
177.72221721 -37.70674362
177.71404948 -37.71249314
177.70588048 -37.71824210
177.69771019 -37.72399050
177.68953864 -37.72973832
177.68136581 -37.73548558
177.67319170 -37.74123229
177.66501630 -37.74697843
177.65836842 -37.75383889
177.65171931 -37.76069898
177.64506895 -37.76755871
177.63841735 -37.77441807
177.63176452 -37.78127706
177.62511044 -37.78813569
177.61845513 -37.79499395
177.61179857 -37.80185184
177.60514078 -37.80870935
177.59848175 -37.81556650
177.59169533 -37.82233289
177.58490767 -37.82909890
177.57811875 -37.83586453
177.57132859 -37.84262977
177.56453717 -37.84939464
177.55774450 -37.85615913
177.55095059 -37.86292323
177.54415542 -37.86968695
177.53735900 -37.87645029
177.53056133 -37.88321325
177.52376240 -37.88997582
177.51696223 -37.89673801
177.51016081 -37.90349980
177.50335816 -37.91026120
177.49655425 -37.91702222
177.49113368 -37.92344179
177.48571216 -37.92986112
177.48028969 -37.93628021
177.47486628 -37.94269905
177.46944192 -37.94911766
177.46401661 -37.95553602
177.45382557 -37.95752658
177.44363396 -37.95951625
177.43344178 -37.96150504
177.42324903 -37.96349295
177.41305571 -37.96547998
177.40286183 -37.96746613
177.39266738 -37.96945140
177.38247236 -37.97143580
177.37227677 -37.97341931
177.36274348 -37.97528559
177.35320970 -37.97715111
177.34367541 -37.97901584
177.33414062 -37.98087981
177.32460533 -37.98274300
177.31506955 -37.98460543
177.30553327 -37.98646707
177.29498494 -37.98693949
177.28443647 -37.98741095
177.27388784 -37.98788146
177.26333907 -37.98835101
177.25279014 -37.98881962
177.24224106 -37.98928727
177.23169183 -37.98975397
177.22114245 -37.99021973
177.21059292 -37.99068453
177.20004325 -37.99114837
177.18949351 -37.99161116
177.17894363 -37.99207300
177.16839359 -37.99253389
177.15847403 -37.98919840
177.14855536 -37.98586206
177.13863758 -37.98252486
177.12872070 -37.97918681
177.11880471 -37.97584791
177.10888962 -37.97250816
177.09897543 -37.96916755
177.08906212 -37.96582610
177.07914971 -37.96248380
177.06923820 -37.95914064
177.05932758 -37.95579663
177.04941786 -37.95245177
177.03950904 -37.94910606
177.02960111 -37.94575950
177.01969408 -37.94241209
177.00978794 -37.93906383
176.99974660 -37.93910008
176.98970509 -37.93913547
176.97966355 -37.93917000
176.97086710 -37.94314038
176.96206969 -37.94711010
176.95327132 -37.95107917
176.94447199 -37.95504758
176.93567170 -37.95901533
176.92687045 -37.96298243
176.91806824 -37.96694888
176.90926508 -37.97091467
176.90046095 -37.97487980
176.89397512 -37.98029260
176.88748835 -37.98570506
176.88100061 -37.99111715
176.87451192 -37.99652889
176.86875790 -38.00298896
176.86300286 -38.00944873
176.85724682 -38.01590823
176.85148976 -38.02236745
176.84758676 -38.02965830
176.84368298 -38.03694901
176.83977844 -38.04423960
176.83587313 -38.05153005
176.83308942 -38.05864825
176.83030518 -38.06576639
176.82752041 -38.07288446
176.82473511 -38.08000246
176.82231960 -38.08768953
176.81990359 -38.09537656
176.81748711 -38.10306353
176.81507015 -38.11075045
176.81409835 -38.11794136
176.81312638 -38.12513226
176.81215422 -38.13232315
176.81118188 -38.13951403
176.81020936 -38.14670490
176.80929697 -38.15548445
176.80838438 -38.16426399
176.80747158 -38.17304351
176.80655858 -38.18182302
176.80564537 -38.19060251
176.80473195 -38.19938199
176.80381834 -38.20816143
176.80290452 -38.21694086
176.80199049 -38.22572028
176.80107626 -38.23449968
176.80016182 -38.24327907
176.79924717 -38.25205845
176.79833231 -38.26083780
176.79741724 -38.26961715
176.79650197 -38.27839648
176.79558650 -38.28717579
176.79467081 -38.29595509
176.79375494 -38.30473434
176.79191026 -38.31266967
176.79006520 -38.32060497
176.78821974 -38.32854023
176.78637388 -38.33647546
176.78452764 -38.34441065
176.78160963 -38.35214284
176.77869101 -38.35987494
176.77577178 -38.36760698
176.77285194 -38.37533893
176.76993148 -38.38307081
176.76701042 -38.39080261
176.76300375 -38.39752041
176.75899633 -38.40423806
176.75498818 -38.41095556
176.75097929 -38.41767293
176.74696967 -38.42439017
176.74272397 -38.43200574
176.73847739 -38.43962116
176.73422992 -38.44723643
176.72998156 -38.45485154
176.72573233 -38.46246650
176.72148220 -38.47008130
176.71723119 -38.47769595
176.71297929 -38.48531044
176.70872651 -38.49292478
176.70292828 -38.49955533
176.69712898 -38.50618558
176.69132862 -38.51281556
176.68552720 -38.51944525
176.67972472 -38.52607465
176.67392118 -38.53270377
176.66811658 -38.53933260
176.66231092 -38.54596115
176.65721458 -38.55310341
176.65211724 -38.56024545
176.64701889 -38.56738726
176.64191955 -38.57452885
176.63681920 -38.58167023
176.63171786 -38.58881138
176.62661551 -38.59595230
176.62151217 -38.60309298
176.61502337 -38.60991950
176.60853335 -38.61674566
176.60204210 -38.62357147
176.59554963 -38.63039690
176.58905595 -38.63722197
176.58256103 -38.64404669
176.57606489 -38.65087104
176.56956753 -38.65769504
176.56423547 -38.66501897
176.55890233 -38.67234266
176.55356812 -38.67966610
176.54823283 -38.68698930
176.54289646 -38.69431226
176.53755901 -38.70163497
176.53222050 -38.70895743
176.52688090 -38.71627964
176.52085609 -38.72362275
176.51483006 -38.73096554
176.50880280 -38.73830803
176.50277432 -38.74565021
176.49674461 -38.75299208
176.49071368 -38.76033364
176.48617900 -38.76715199
176.48164346 -38.77397016
176.47710707 -38.78078816
176.47256982 -38.78760599
176.46803172 -38.79442363
176.46349274 -38.80124111
176.45891560 -38.80853666
176.45433754 -38.81583202
176.44975856 -38.82312720
176.44517864 -38.83042220
176.44059780 -38.83771701
176.43601604 -38.84501165
176.43143335 -38.85230610
176.42684973 -38.85960037
176.42226519 -38.86689446
176.41767972 -38.87418836
176.41121498 -38.88153827
176.40474892 -38.88888782
176.39828153 -38.89623701
176.39181277 -38.90358584
176.38534269 -38.91093431
176.37887128 -38.91828243
176.37239854 -38.92563018
176.36592448 -38.93297758
176.35944909 -38.94032461
176.35297237 -38.94767129
176.34649432 -38.95501761
176.34084705 -38.96233920
176.33519862 -38.96966052
176.32954904 -38.97698157
176.32389830 -38.98430234
176.31824641 -38.99162283
176.31259337 -38.99894305
176.30693914 -39.00626301
176.30128377 -39.01358269
176.29562721 -39.02090209
176.28996950 -39.02822121
176.28431063 -39.03554005
176.27723861 -39.04251751
176.27016520 -39.04949454
176.26309042 -39.05647114
176.25601426 -39.06344732
176.24893671 -39.07042306
176.24185778 -39.07739838
176.23477747 -39.08437326
176.22769578 -39.09134772
176.22061270 -39.09832174
176.21352824 -39.10529533
176.20644239 -39.11226849
176.19935516 -39.11924122
176.19226655 -39.12621353
176.18517655 -39.13318540
176.17808516 -39.14015684
176.17099238 -39.14712784
176.16389822 -39.15409842
176.15680266 -39.16106856
176.14970572 -39.16803827
176.14260739 -39.17500755
176.13550766 -39.18197640
176.12840655 -39.18894481
176.12130404 -39.19591279
176.11420014 -39.20288033
176.10709485 -39.20984743
176.09998817 -39.21681410
176.09288009 -39.22378034
176.08577062 -39.23074614
176.07865975 -39.23771151
176.07154748 -39.24467645
176.06349774 -39.25088923
176.05544658 -39.25710145
176.04739400 -39.26331312
176.03934002 -39.26952423
176.03128461 -39.27573479
176.02322779 -39.28194479
176.01516956 -39.28815424
176.00710991 -39.29436313
175.99904885 -39.30057147
175.99098637 -39.30677924
175.98292247 -39.31298646
175.97485716 -39.31919312
175.96679043 -39.32539923
175.95872228 -39.33160477
175.95065272 -39.33780976
175.94258173 -39.34401420
175.93450932 -39.35021807
175.92643550 -39.35642138
175.91836025 -39.36262414
175.91028359 -39.36882634
175.90220550 -39.37502798
175.89431043 -39.38156208
175.88641389 -39.38809566
175.87851589 -39.39462870
175.87061643 -39.40116119
175.86271551 -39.40769313
175.85481312 -39.41422454
175.84690928 -39.42075541
175.83900396 -39.42728573
175.83109719 -39.43381552
175.82318894 -39.44034477
175.81527923 -39.44687349
175.80736806 -39.45340166
175.79945541 -39.45992929
175.79154130 -39.46645638
175.78362573 -39.47298293
175.77570868 -39.47950894
175.76779017 -39.48603441
175.76198967 -39.49371448
175.75618793 -39.50139426
175.75038493 -39.50907375
175.74458068 -39.51675295
175.73877516 -39.52443184
175.73296837 -39.53211044
175.72716032 -39.53978874
175.72135100 -39.54746675
175.71554042 -39.55514445
175.70972857 -39.56282186
175.70391546 -39.57049896
175.69810109 -39.57817577
175.69228547 -39.58585229
175.68646859 -39.59352851
175.68065045 -39.60120445
175.67483107 -39.60888010
175.66901041 -39.61655545
175.66530160 -39.62477102
175.66159193 -39.63298646
175.65788139 -39.64120176
175.65416998 -39.64941694
175.65045770 -39.65763198
175.64674456 -39.66584689
175.64303054 -39.67406167
175.63931566 -39.68227632
175.63559991 -39.69049083
175.63188329 -39.69870521
175.62816578 -39.70691947
175.62444739 -39.71513360
175.62072814 -39.72334759
175.61700802 -39.73156145
175.61328703 -39.73977518
175.60956516 -39.74798877
175.60584242 -39.75620224
175.60211881 -39.76441557
175.59839433 -39.77262876
175.59466898 -39.78084183
175.59094275 -39.78905476
175.58721565 -39.79726756
175.57847932 -39.80317416
175.56974151 -39.80908012
175.56100220 -39.81498541
175.55226141 -39.82089005
175.54351913 -39.82679404
175.53477536 -39.83269736
175.52603011 -39.83860003
175.51728336 -39.84450204
175.50853512 -39.85040340
175.49978539 -39.85630409
175.49103419 -39.86220414
175.48228149 -39.86810353
175.47352731 -39.87400225
175.46477163 -39.87990032
175.45601446 -39.88579773
175.44725580 -39.89169448
175.43849564 -39.89759057
175.43270734 -39.90450866
175.42691788 -39.91142645
175.42112727 -39.91834395
175.41533550 -39.92526115
175.40954258 -39.93217806
175.40374850 -39.93909467
175.39747004 -39.94548467
175.39119042 -39.95187433
175.38490964 -39.95826364
175.37862770 -39.96465261
175.37234460 -39.97104123
175.36606034 -39.97742950
175.35977491 -39.98381743
175.35348833 -39.99020502
175.34652528 -39.99723191
175.33956081 -40.00425838
175.33259493 -40.01128442
175.32562763 -40.01831004
175.31865891 -40.02533523
175.31168877 -40.03236000
175.30471722 -40.03938434
175.29774424 -40.04640826
175.29062715 -40.05298400
175.28350870 -40.05955930
175.27638889 -40.06613416
175.26926772 -40.07270857
175.26214519 -40.07928255
175.25502130 -40.08585608
175.24789605 -40.09242917
175.24076943 -40.09900182
175.23364141 -40.10557409
175.22651203 -40.11214591
175.21938128 -40.11871729
175.21224917 -40.12528822
175.20511570 -40.13185872
175.19798085 -40.13842877
175.19084462 -40.14499841
175.18574264 -40.15288516
175.18063949 -40.16077168
175.17553517 -40.16865795
175.17042968 -40.17654399
175.16532302 -40.18442979
175.16021519 -40.19231535
175.15510619 -40.20020068
175.14999602 -40.20808576
175.14488467 -40.21597060
175.13977216 -40.22385521
175.13465846 -40.23173957
175.12954360 -40.23962370
175.12442755 -40.24750759
175.11931033 -40.25539124
175.11419194 -40.26327465
175.10907236 -40.27115782
175.10395161 -40.27904075
175.09882968 -40.28692344
175.09370658 -40.29480589
175.08858230 -40.30268810
175.08345684 -40.31057006
175.07833021 -40.31845178
175.07320239 -40.32633327
175.06807339 -40.33421451
175.06294321 -40.34209552
175.05781184 -40.34997629
175.05267929 -40.35785682
175.04754555 -40.36573711
175.04241063 -40.37361716
175.03727452 -40.38149697
175.03213723 -40.38937654
175.02576732 -40.39682345
175.01939602 -40.40427001
175.01302331 -40.41171620
175.00664922 -40.41916204
175.00027373 -40.42660752
174.99389685 -40.43405262
174.98751858 -40.44149737
174.98113891 -40.44894175
174.97475785 -40.45638577
174.96837539 -40.46382943
174.96199153 -40.47127273
174.95560628 -40.47871567
174.94921962 -40.48615825
174.94196003 -40.49305941
174.93469896 -40.49996011
174.92743639 -40.50686036
174.92017235 -40.51376015
174.91290683 -40.52065947
174.90563984 -40.52755833
174.89837136 -40.53445673
174.89110141 -40.54135466
174.88382997 -40.54825214
174.87655706 -40.55514914
174.86928266 -40.56204569
174.86200679 -40.56894176
174.85472943 -40.57583738
174.84745059 -40.58273252
174.84108856 -40.59010410
174.83472514 -40.59747531
174.82836033 -40.60484617
174.82199414 -40.61221666
174.81562657 -40.61958679
174.80925760 -40.62695657
174.80288725 -40.63432598
174.79651551 -40.64169504
174.79014237 -40.64906373
174.78376785 -40.65643206
174.77739193 -40.66380004
174.77101462 -40.67116765
174.76463592 -40.67853490
174.75825582 -40.68590179
174.75187433 -40.69326832
174.74460411 -40.69963503
174.73733251 -40.70600127
174.73005953 -40.71236705
174.72278518 -40.71873236
174.71550945 -40.72509722
174.70823234 -40.73146161
174.70095386 -40.73782554
174.69367399 -40.74418902
174.68639275 -40.75055203
174.67911013 -40.75691457
174.67182612 -40.76327666
174.66454074 -40.76963828
174.65714538 -40.77642843
174.64974853 -40.78321810
174.64235018 -40.79000730
174.63495033 -40.79679601
174.62754897 -40.80358427
174.62014610 -40.81037206
174.61274174 -40.81715937
174.60533588 -40.82394619
174.59792852 -40.83073253
174.59051967 -40.83751838
174.58310931 -40.84430374
174.57569746 -40.85108863
174.56828410 -40.85787302
174.56086924 -40.86465694
174.55345288 -40.87144037
174.54603501 -40.87822332
174.53861564 -40.88500579
174.53119477 -40.89178777
174.52377239 -40.89856927
174.51634849 -40.90535029
174.50892309 -40.91213083
174.50149618 -40.91891089
174.49406778 -40.92569044
174.48514172 -40.93133027
174.47621414 -40.93696940
174.46728506 -40.94260784
174.45835447 -40.94824558
174.44942236 -40.95388263
174.44048875 -40.95951898
174.43155362 -40.96515463
174.42261699 -40.97078959
174.41367884 -40.97642385
174.40473917 -40.98205741
174.39579800 -40.98769028
174.38685531 -40.99332245
174.37791111 -40.99895393
174.36896538 -41.00458477
174.36001813 -41.01021492
174.35106938 -41.01584438
174.34211910 -41.02147314
174.33316731 -41.02710120
174.32421401 -41.03272856
174.31525918 -41.03835523
174.30630284 -41.04398120
174.29734499 -41.04960648
174.28838563 -41.05523105
174.27942475 -41.06085492
174.27103423 -41.06680424
174.26264222 -41.07275294
174.25424870 -41.07870102
174.24585368 -41.08464849
174.23745715 -41.09059535
174.22905911 -41.09654159
174.22065957 -41.10248723
174.21225852 -41.10843226
174.20385597 -41.11437668
174.19545190 -41.12032048
174.18704633 -41.12626366
174.18227802 -41.13273288
174.17750877 -41.13920189
174.17273860 -41.14567070
174.16796750 -41.15213930
174.16000501 -41.15804747
174.15204111 -41.16395508
174.14407579 -41.16986215
174.13610904 -41.17576865
174.12814088 -41.18167461
174.12017128 -41.18758000
174.11220027 -41.19348485
174.10422783 -41.19938913
174.09625394 -41.20529290
174.08994620 -41.21059744
174.08363745 -41.21590162
174.07732768 -41.22120545
174.07101690 -41.22650893
174.06364252 -41.23252149
174.05626681 -41.23853357
174.04888975 -41.24454517
174.04151135 -41.25055629
174.03413163 -41.25656692
174.02675056 -41.26257707
174.01936815 -41.26858675
174.01198438 -41.27459595
174.00300458 -41.28005786
173.99402324 -41.28551916
173.98504041 -41.29097980
173.97605609 -41.29643973
173.96707028 -41.30189895
173.95808298 -41.30735746
173.94909420 -41.31281526
173.94010393 -41.31827235
173.93111217 -41.32372873
173.92211893 -41.32918438
173.91312419 -41.33463933
173.90412796 -41.34009355
173.89484800 -41.34544733
173.88556653 -41.35080033
173.87628354 -41.35615258
173.86699903 -41.36150407
173.85771302 -41.36685481
173.84842549 -41.37220478
173.83913644 -41.37755400
173.82984588 -41.38290246
173.82055380 -41.38825016
173.81126021 -41.39359708
173.80196511 -41.39894323
173.79266839 -41.40428856
173.78337015 -41.40963313
173.77407037 -41.41497694
173.76476908 -41.42031999
173.75546626 -41.42566229
173.74616191 -41.43100382
173.73685605 -41.43634459
173.72686311 -41.43993666
173.71686908 -41.44352786
173.70687394 -41.44711819
173.69687770 -41.45070764
173.68688036 -41.45429622
173.67688192 -41.45788392
173.66688239 -41.46147075
173.65688175 -41.46505671
173.64645929 -41.46813286
173.63603585 -41.47120807
173.62561142 -41.47428233
173.61518602 -41.47735565
173.60475962 -41.48042802
173.59433223 -41.48349947
173.58390383 -41.48657001
173.57347445 -41.48963960
173.56304408 -41.49270826
173.55191267 -41.49542984
173.54078034 -41.49815034
173.52964705 -41.50086978
173.51851283 -41.50358814
173.50737769 -41.50630542
173.49542378 -41.50622056
173.48346995 -41.50613447
173.47151617 -41.50604715
173.45956241 -41.50595858
173.44760868 -41.50586878
173.43565499 -41.50577774
173.42370134 -41.50568545
173.41174772 -41.50559193
173.39979414 -41.50549717
173.38784058 -41.50540114
173.37588698 -41.50530386
173.36393341 -41.50520534
173.35197989 -41.50510557
173.34002671 -41.50500467
173.33059419 -41.50190040
173.32116258 -41.49879536
173.31173181 -41.49568953
173.30230169 -41.49258285
173.29287248 -41.48947539
173.28344418 -41.48636715
173.27401679 -41.48325814
173.26386724 -41.48042226
173.25371858 -41.47758549
173.24357081 -41.47474782
173.23342394 -41.47190926
173.22327795 -41.46906981
173.21313286 -41.46622946
173.20298865 -41.46338822
173.19284535 -41.46054609
173.18213937 -41.45749214
173.17143440 -41.45443721
173.16073044 -41.45138127
173.15002750 -41.44832435
173.13932557 -41.44526643
173.12862467 -41.44220752
173.11792478 -41.43914761
173.10722594 -41.43608670
173.09652811 -41.43302479
173.08528635 -41.43017402
173.07404558 -41.42732218
173.06280581 -41.42446923
173.05156705 -41.42161518
173.04032928 -41.41876004
173.02909251 -41.41590378
173.01785673 -41.41304642
173.00662196 -41.41018796
172.99510286 -41.41018727
172.98358378 -41.41018542
172.97206471 -41.41018242
172.96054566 -41.41017826
172.94902663 -41.41017295
172.93750761 -41.41016648
172.92598861 -41.41015885
172.91446963 -41.41015006
172.90295066 -41.41014012
172.89143176 -41.41012909
172.87991290 -41.41011694
172.86839405 -41.41010362
172.85687522 -41.41008914
172.84535642 -41.41007351
172.83383764 -41.41005672
172.82231888 -41.41003877
172.81080014 -41.41001966
172.79928143 -41.40999940
172.78776276 -41.40997799
172.77624411 -41.40995543
172.76507285 -41.41244476
172.75390075 -41.41493298
172.74272782 -41.41742011
172.73155403 -41.41990613
172.72037941 -41.42239106
172.70920395 -41.42487488
172.69802764 -41.42735761
172.68685047 -41.42983922
172.67567247 -41.43231974
172.66449362 -41.43479916
172.65331394 -41.43727747
172.64268175 -41.43988304
172.63204872 -41.44248762
172.62141485 -41.44509120
172.61078014 -41.44769377
172.60014459 -41.45029535
172.58950818 -41.45289593
172.57887093 -41.45549550
172.56823284 -41.45809408
172.55759391 -41.46069166
172.54695414 -41.46328823
172.53631354 -41.46588381
172.52567208 -41.46847838
172.51502979 -41.47107195
172.50350587 -41.47308646
172.49198125 -41.47509979
172.48045593 -41.47711195
172.46892992 -41.47912294
172.45740320 -41.48113276
172.44587579 -41.48314141
172.43434768 -41.48514889
172.42281888 -41.48715520
172.41128939 -41.48916033
172.39975919 -41.49116429
172.38822828 -41.49316702
172.37669666 -41.49516857
172.36510320 -41.49694627
172.35350912 -41.49872278
172.34191442 -41.50049810
172.33031910 -41.50227224
172.31872317 -41.50404520
172.30712662 -41.50581697
172.29552946 -41.50758755
172.28393169 -41.50935695
172.27233330 -41.51112515
172.26073430 -41.51289218
172.24913469 -41.51465801
172.23753446 -41.51642266
172.22593362 -41.51818612
172.21433217 -41.51994839
172.20273011 -41.52170947
172.19192357 -41.52401502
172.18111626 -41.52631953
172.17030820 -41.52862301
172.15949939 -41.53092546
172.14868983 -41.53322687
172.13787951 -41.53552724
172.12706844 -41.53782657
172.11625661 -41.54012487
172.10544404 -41.54242214
172.09463070 -41.54471836
172.08381660 -41.54701355
172.07300176 -41.54930770
172.06259963 -41.55223949
172.05219657 -41.55517031
172.04179257 -41.55810017
172.03138765 -41.56102907
172.02098179 -41.56395700
172.01057500 -41.56688396
172.00016729 -41.56980996
171.98975864 -41.57273500
171.97934907 -41.57565906
171.96893856 -41.57858216
171.95852713 -41.58150430
171.94811477 -41.58442546
171.93867077 -41.58932861
171.92922534 -41.59423096
171.91977847 -41.59913250
171.91033013 -41.60403324
171.90088037 -41.60893317
171.89142919 -41.61383229
171.88197657 -41.61873059
171.87252253 -41.62362808
171.86306705 -41.62852477
171.85361013 -41.63342065
171.84415178 -41.63831572
171.83469199 -41.64320997
171.82445531 -41.64787928
171.81421716 -41.65254764
171.80397752 -41.65721506
171.79373640 -41.66188152
171.78349381 -41.66654705
171.77324973 -41.67121162
171.76300418 -41.67587525
171.75541622 -41.68164116
171.74782689 -41.68740654
171.74023619 -41.69317139
171.73264411 -41.69893572
171.72505064 -41.70469953
171.71745580 -41.71046281
171.70985959 -41.71622556
171.70226200 -41.72198778
171.69466302 -41.72774950
171.68673701 -41.73363086
171.67880953 -41.73951165
171.67088058 -41.74539187
171.66295017 -41.75127151
171.65501830 -41.75715058
171.64708496 -41.76302907
171.63915016 -41.76890698
171.63121389 -41.77478433
171.62327615 -41.78066109
171.61533694 -41.78653728
171.60739627 -41.79241290
171.59945413 -41.79828794
171.59203201 -41.80518351
171.58460827 -41.81207857
171.57718291 -41.81897313
171.56975592 -41.82586717
171.56232732 -41.83276071
171.55489710 -41.83965374
171.54746526 -41.84654626
171.54003179 -41.85343828
171.53259670 -41.86032978
171.52515999 -41.86722077
171.51772165 -41.87411126
171.51028169 -41.88100123
171.50284011 -41.88789070
171.49539689 -41.89477966
171.48795205 -41.90166811
171.48050560 -41.90855605
171.47305751 -41.91544349
171.46560780 -41.92233041
171.45755303 -41.92826999
171.44949674 -41.93420898
171.44143894 -41.94014738
171.43337963 -41.94608518
171.42531879 -41.95202239
171.41725644 -41.95795901
171.40919257 -41.96389503
171.40112717 -41.96983046
171.39383823 -41.97666317
171.38654770 -41.98349539
171.37925557 -41.99032713
171.37196186 -41.99715838
171.36466656 -42.00398913
171.35736967 -42.01081940
171.35007119 -42.01764918
171.34277112 -42.02447847
171.33546945 -42.03130726
171.32816619 -42.03813557
171.32086134 -42.04496339
171.31355490 -42.05179072
171.30624686 -42.05861755
171.29893722 -42.06544390
171.29162599 -42.07226975
171.28431316 -42.07909511
171.27660742 -42.08548144
171.26890012 -42.09186723
171.26119124 -42.09825247
171.25348077 -42.10463718
171.24576874 -42.11102133
171.23805513 -42.11740494
171.23033995 -42.12378801
171.22262319 -42.13017053
171.21490486 -42.13655250
171.20718495 -42.14293393
171.19946347 -42.14931481
171.19174041 -42.15569515
171.18401578 -42.16207495
171.17628957 -42.16845420
171.16856179 -42.17483290
171.16083242 -42.18121106
171.15310148 -42.18758867
171.14536895 -42.19396574
171.13763485 -42.20034226
171.12989916 -42.20671825
171.12117710 -42.21283772
171.11245334 -42.21895651
171.10372787 -42.22507460
171.09500069 -42.23119200
171.08627181 -42.23730871
171.07754122 -42.24342472
171.06880891 -42.24954004
171.06007490 -42.25565466
171.05133918 -42.26176859
171.04260175 -42.26788183
171.03386260 -42.27399436
171.02512174 -42.28010621
171.01637917 -42.28621736
171.00763489 -42.29232781
170.99888889 -42.29843756
170.99014117 -42.30454663
170.98139174 -42.31065501
