166.42406587 -46.78685736
166.42755831 -46.77878746
166.43104968 -46.77071742
166.43453999 -46.76264725
166.43802924 -46.75457693
166.44151742 -46.74650648
166.44500454 -46.73843588
166.44849059 -46.73036515
166.45197559 -46.72229428
166.45545953 -46.71422327
166.45894240 -46.70615212
166.46242422 -46.69808083
166.46590498 -46.69000941
166.46938468 -46.68193785
166.47256124 -46.67364907
166.47573681 -46.66536017
166.47891139 -46.65707115
166.48208498 -46.64878202
166.48525757 -46.64049276
166.48842918 -46.63220338
166.49159979 -46.62391389
166.49476941 -46.61562427
166.49793805 -46.60733454
166.50110569 -46.59904468
166.50427233 -46.59075470
166.50757157 -46.58251027
166.51086978 -46.57426571
166.51416697 -46.56602103
166.51746314 -46.55777621
166.52075829 -46.54953128
166.52405243 -46.54128622
166.52734555 -46.53304103
166.53063765 -46.52479572
166.53392873 -46.51655028
166.53721880 -46.50830472
166.54050786 -46.50005903
166.54379589 -46.49181322
166.54708291 -46.48356728
166.55036892 -46.47532122
166.55365391 -46.46707503
166.55693789 -46.45882872
166.56022086 -46.45058229
166.56422060 -46.44280881
166.56821918 -46.43503516
166.57221662 -46.42726134
166.57621290 -46.41948736
166.58020803 -46.41171321
166.58420202 -46.40393889
166.58819485 -46.39616440
166.59218652 -46.38838975
166.59617704 -46.38061492
166.60016641 -46.37283993
166.60415465 -46.36506478
166.60794669 -46.35673682
166.61173756 -46.34840871
166.61552726 -46.34008044
166.61931580 -46.33175202
166.62310316 -46.32342344
166.62688937 -46.31509471
166.63067440 -46.30676582
166.63445827 -46.29843678
166.63824101 -46.29010757
166.64202258 -46.28177821
166.64580300 -46.27344869
166.64958225 -46.26511902
166.65336034 -46.25678919
166.65713727 -46.24845921
166.66091304 -46.24012908
166.66468765 -46.23179880
166.66846110 -46.22346836
166.67223340 -46.21513777
166.67600454 -46.20680702
166.68146423 -46.19915538
166.68692240 -46.19150344
166.69237906 -46.18385121
166.69783419 -46.17619870
166.70328782 -46.16854589
166.70873993 -46.16089280
166.71419053 -46.15323942
166.71963961 -46.14558576
166.72508717 -46.13793180
166.73053321 -46.13027757
166.73597774 -46.12262304
166.74142075 -46.11496824
166.74686225 -46.10731314
166.75230223 -46.09965776
166.75774075 -46.09200208
166.76317776 -46.08434610
166.76852018 -46.07644285
166.77386106 -46.06853932
166.77920041 -46.06063552
166.78453823 -46.05273144
166.78987451 -46.04482709
166.79520926 -46.03692246
166.80054247 -46.02901756
166.80587416 -46.02111239
166.81120431 -46.01320694
166.81653293 -46.00530121
166.82186003 -45.99739522
166.82656403 -45.99115997
166.83126697 -45.98492452
166.83596885 -45.97868886
166.84066966 -45.97245299
166.84431476 -45.96492332
166.84795885 -45.95739352
166.85160195 -45.94986358
166.85524405 -45.94233351
166.85888514 -45.93480330
166.86252524 -45.92727296
166.86804239 -45.91916511
166.87355791 -45.91105697
166.87907182 -45.90294854
166.88458411 -45.89483981
166.89009479 -45.88673079
166.89560385 -45.87862147
166.90111130 -45.87051187
166.90736154 -45.86319963
166.91361013 -45.85588703
166.91985707 -45.84857407
166.92610237 -45.84126074
166.93234603 -45.83394705
166.93858804 -45.82663299
166.94482840 -45.81931858
166.95106712 -45.81200380
166.95730420 -45.80468866
166.96353963 -45.79737315
166.96989224 -45.79010683
166.97624319 -45.78284014
166.98259248 -45.77557308
166.98894011 -45.76830564
166.99528608 -45.76103783
167.00163040 -45.75376965
167.00797307 -45.74650110
167.01431410 -45.73923218
167.02065346 -45.73196289
167.02699118 -45.72469323
167.03332724 -45.71742320
167.04196912 -45.71134141
167.05060913 -45.70525896
167.05924726 -45.69917583
167.06788351 -45.69309202
167.07651788 -45.68700753
167.08515038 -45.68092238
167.09378101 -45.67483655
167.10240978 -45.66875005
167.11103669 -45.66266287
167.11966173 -45.65657502
167.12828490 -45.65048651
167.13690620 -45.64439733
167.14584299 -45.63807754
167.15477776 -45.63175703
167.16371053 -45.62543581
167.17264129 -45.61911388
167.18157003 -45.61279123
167.19049677 -45.60646786
167.19942150 -45.60014378
167.20834422 -45.59381899
167.21726494 -45.58749348
167.22618366 -45.58116726
167.23510036 -45.57484032
167.24475482 -45.57006805
167.25440764 -45.56529495
167.26405883 -45.56052102
167.27370839 -45.55574626
167.28335632 -45.55097068
167.29300261 -45.54619426
167.30264728 -45.54141702
167.31229031 -45.53663895
167.32193171 -45.53186005
167.33157148 -45.52708033
167.33953640 -45.52090575
167.34749957 -45.51473060
167.35546100 -45.50855488
167.36342068 -45.50237859
167.37137861 -45.49620173
167.37933479 -45.49002431
167.38728923 -45.48384631
167.39524192 -45.47766775
167.40319287 -45.47148862
167.41114207 -45.46530893
167.41908953 -45.45912868
167.42703526 -45.45294785
167.43662820 -45.44724319
167.44621922 -45.44153770
167.45580830 -45.43583139
167.46539545 -45.43012426
167.47498066 -45.42441632
167.48456395 -45.41870755
167.49414530 -45.41299796
167.50372471 -45.40728757
167.51330218 -45.40157637
167.52287771 -45.39586435
167.53245134 -45.39015152
167.54202303 -45.38443787
167.55121654 -45.37836229
167.56040809 -45.37228596
167.56959766 -45.36620887
167.57878526 -45.36013102
167.58797090 -45.35405243
167.59715457 -45.34797308
167.60633627 -45.34189299
167.61551600 -45.33581214
167.62469377 -45.32973055
167.63386957 -45.32364820
167.64304341 -45.31756510
167.65363467 -45.31275172
167.66422415 -45.30793734
167.67481184 -45.30312197
167.68539774 -45.29830560
167.69598184 -45.29348823
167.70656414 -45.28866988
167.71714464 -45.28385053
167.72772336 -45.27903019
167.73830028 -45.27420886
167.74885143 -45.26965054
167.75940089 -45.26509123
167.76994867 -45.26053093
167.78049475 -45.25596965
167.79103915 -45.25140738
167.80158185 -45.24684412
167.81212282 -45.24227987
167.82266210 -45.23771463
167.83319968 -45.23314841
167.84393936 -45.22945174
167.85467765 -45.22575404
167.86541455 -45.22205533
167.87615005 -45.21835559
167.88688415 -45.21465483
167.89761687 -45.21095305
167.90834820 -45.20725025
167.91907813 -45.20354643
167.92980668 -45.19984159
167.94053383 -45.19613572
167.95125960 -45.19242882
167.96198396 -45.18872092
167.97273318 -45.18424638
167.98348072 -45.17977083
167.99422656 -45.17529424
168.00497072 -45.17081665
168.01571318 -45.16633804
168.02645396 -45.16185840
168.03719305 -45.15737775
168.04793046 -45.15289607
168.05866618 -45.14841337
168.06940021 -45.14392965
168.08013256 -45.13944491
168.09086322 -45.13495914
168.10159219 -45.13047236
168.11231948 -45.12598457
168.12185019 -45.12051497
168.13137907 -45.11504457
168.14090613 -45.10957335
168.15043136 -45.10410134
168.15995476 -45.09862851
168.16947634 -45.09315486
168.17899609 -45.08768041
168.18851402 -45.08220514
168.19803012 -45.07672908
168.20754440 -45.07125221
168.21705685 -45.06577453
168.22656747 -45.06029605
168.23607628 -45.05481676
168.24306158 -45.04794887
168.25004519 -45.04108053
168.25702713 -45.03421176
168.26400738 -45.02734255
168.27098595 -45.02047291
168.27796284 -45.01360282
168.28493806 -45.00673230
168.29191159 -44.99986134
168.29888345 -44.99298994
168.30585360 -44.98611809
168.31282207 -44.97924580
168.31972122 -44.97237035
168.32661870 -44.96549446
168.33351452 -44.95861815
168.34040868 -44.95174142
168.34730118 -44.94486426
168.35419203 -44.93798668
168.36108122 -44.93110866
168.36796875 -44.92423023
168.37485462 -44.91735137
168.38206877 -44.91101523
168.38928132 -44.90467862
168.39649228 -44.89834154
168.40370168 -44.89200400
168.41090948 -44.88566599
168.41811569 -44.87932753
168.42532030 -44.87298859
168.43252332 -44.86664920
168.43972474 -44.86030934
168.44724425 -44.85345168
168.45476196 -44.84659351
168.46227787 -44.83973484
168.46979198 -44.83287566
168.47730429 -44.82601598
168.48481481 -44.81915580
168.49232353 -44.81229511
168.49983046 -44.80543392
168.50733558 -44.79857223
168.51483892 -44.79171002
168.52234047 -44.78484731
168.52984022 -44.77798409
168.53676680 -44.77129699
168.54369177 -44.76460947
168.55061512 -44.75792152
168.55753686 -44.75123314
168.56445699 -44.74454433
168.57137551 -44.73785509
168.57829242 -44.73116542
168.58520772 -44.72447533
168.59212142 -44.71778480
168.59903350 -44.71109385
168.60594395 -44.70440247
168.61285279 -44.69771066
168.62053813 -44.69121607
168.62822172 -44.68472095
168.63590359 -44.67822530
168.64358372 -44.67172913
168.65126211 -44.66523243
168.65893878 -44.65873520
168.66661371 -44.65223745
168.67428691 -44.64573917
168.68195838 -44.63924037
168.68962812 -44.63274104
168.69729613 -44.62624118
168.70496241 -44.61974080
168.71262696 -44.61323989
168.72022760 -44.60626998
168.72782641 -44.59929955
168.73542341 -44.59232857
168.74301858 -44.58535708
168.75061191 -44.57838507
168.75820341 -44.57141255
168.76579308 -44.56443951
168.77338091 -44.55746595
168.78096691 -44.55049187
168.78855108 -44.54351728
168.79613342 -44.53654218
168.80371392 -44.52956657
168.81129257 -44.52259044
168.81886940 -44.51561381
168.82644440 -44.50863665
168.83401757 -44.50165899
168.84158896 -44.49468079
168.84915854 -44.48770207
168.85672629 -44.48072282
168.86429222 -44.47374307
168.87185632 -44.46676280
168.87941861 -44.45978202
168.88697906 -44.45280072
168.89453770 -44.44581891
168.90169747 -44.43856416
168.90885542 -44.43130895
168.91601158 -44.42405329
168.92316594 -44.41679716
168.93031852 -44.40954057
168.93746930 -44.40228352
168.94461833 -44.39502600
168.95176560 -44.38776802
168.95891108 -44.38050957
168.96605478 -44.37325066
168.97319669 -44.36599130
168.98033682 -44.35873147
168.98747517 -44.35147119
168.99461173 -44.34421044
169.00174651 -44.33694924
169.00887951 -44.32968759
169.01601073 -44.32242547
169.02314017 -44.31516290
169.03026783 -44.30789987
169.03739371 -44.30063638
169.04489801 -44.29389212
169.05240057 -44.28714736
169.05990140 -44.28040208
169.06740050 -44.27365631
169.07489786 -44.26691003
169.08239349 -44.26016324
169.08988739 -44.25341595
169.09737956 -44.24666815
169.10486997 -44.23991985
169.11235863 -44.23317105
169.11984556 -44.22642175
169.12733076 -44.21967194
169.13481423 -44.21292164
169.14229597 -44.20617083
169.14977599 -44.19941952
169.15725429 -44.19266773
169.16693013 -44.18697511
169.17660409 -44.18128165
169.18627616 -44.17558736
169.19594636 -44.16989223
169.20561468 -44.16419626
169.21528111 -44.15849945
169.22494567 -44.15280181
169.23460835 -44.14710333
169.24426916 -44.14140402
169.25392809 -44.13570388
169.26358514 -44.13000290
169.27324033 -44.12430109
169.28289363 -44.11859845
169.29254507 -44.11289497
169.30219463 -44.10719066
169.31184232 -44.10148552
169.32148813 -44.09577956
169.33113207 -44.09007275
169.34077414 -44.08436511
169.35041433 -44.07865664
169.36005266 -44.07294734
169.36964545 -44.06764543
169.37923652 -44.06234270
169.38882586 -44.05703915
169.39841347 -44.05173477
169.40799936 -44.04642961
169.41758352 -44.04112364
169.42716596 -44.03581684
169.43674667 -44.03050923
169.44632567 -44.02520080
169.45590294 -44.01989156
169.46547850 -44.01458149
169.47505233 -44.00927061
169.48462444 -44.00395891
169.49419484 -43.99864639
169.50376353 -43.99333301
169.51333051 -43.98801880
169.52289578 -43.98270377
169.53245934 -43.97738792
169.54202118 -43.97207124
169.55158131 -43.96675375
169.56113973 -43.96143544
169.57069643 -43.95611631
169.58025142 -43.95079636
169.58980470 -43.94547558
169.59935627 -43.94015399
169.60890582 -43.93483158
169.61845363 -43.92950836
169.62799971 -43.92418433
169.63888025 -43.92003548
169.64975927 -43.91588558
169.66063676 -43.91173463
169.67151272 -43.90758263
169.68238716 -43.90342958
169.69326006 -43.89927548
169.70413133 -43.89512029
169.71500091 -43.89096403
169.72586899 -43.88680671
169.73673556 -43.88264834
169.74760062 -43.87848891
169.75846417 -43.87432842
169.76798256 -43.86963243
169.77749946 -43.86493563
169.78701486 -43.86023802
169.79652877 -43.85553959
169.80604122 -43.85084034
169.81555219 -43.84614027
169.82506166 -43.84143938
169.83456965 -43.83673768
169.84407614 -43.83203517
169.85358113 -43.82733184
169.86308464 -43.82262770
169.87258666 -43.81792275
169.88110154 -43.81239575
169.88961485 -43.80686809
169.89812658 -43.80133977
169.90663694 -43.79581075
169.91514583 -43.79028101
169.92365312 -43.78475063
169.93215880 -43.77921961
169.94066289 -43.77368795
169.94916538 -43.76815566
169.95766628 -43.76262272
169.96616557 -43.75708915
169.97466326 -43.75155493
169.98425248 -43.74716102
169.99384028 -43.74276630
170.00342664 -43.73837076
170.01301157 -43.73397442
170.02259507 -43.72957726
170.03217714 -43.72517929
170.04175779 -43.72078051
170.05133700 -43.71638092
170.06091480 -43.71198052
170.07049116 -43.70757931
170.07969124 -43.70225422
170.08888964 -43.69692841
170.09808635 -43.69160189
170.10728145 -43.68627462
170.11647492 -43.68094660
170.12566676 -43.67561781
170.13485697 -43.67028826
170.14404555 -43.66495795
170.15323249 -43.65962688
170.16279927 -43.65509883
170.17236460 -43.65056995
170.18192850 -43.64604025
170.19149096 -43.64150974
170.20105198 -43.63697841
170.21061155 -43.63244631
170.22016969 -43.62791341
170.22972637 -43.62337969
170.23928161 -43.61884517
170.24883541 -43.61430983
170.25809271 -43.60943754
170.26734849 -43.60456449
170.27660278 -43.59969067
170.28585556 -43.59481610
170.29510684 -43.58994078
170.30435661 -43.58506469
170.31360489 -43.58018784
170.32427516 -43.57606975
170.33494397 -43.57195064
170.34561133 -43.56783053
170.35627722 -43.56370940
170.36694166 -43.55958726
170.37760464 -43.55546411
170.38826616 -43.55133994
170.39892623 -43.54721477
170.40958496 -43.54308852
170.42024223 -43.53896126
170.43089804 -43.53483300
170.44155237 -43.53070374
170.45220523 -43.52657347
170.46285661 -43.52244220
170.47350653 -43.51830993
170.48415497 -43.51417666
170.49480194 -43.51004238
170.50544744 -43.50590711
170.51518162 -43.50200916
170.52491455 -43.49811038
170.53464630 -43.49421070
170.54437680 -43.49031017
170.55410604 -43.48640880
170.56383404 -43.48250659
170.57356079 -43.47860352
170.58328630 -43.47469961
170.59392910 -43.47031783
170.60457039 -43.46593502
170.61521019 -43.46155121
170.62584843 -43.45716640
170.63648513 -43.45278059
170.64712027 -43.44839377
170.65775386 -43.44400596
170.66838591 -43.43961714
170.67901640 -43.43522732
170.68914870 -43.43185890
170.69927987 -43.42848957
170.70940989 -43.42511938
170.71953877 -43.42174829
170.72966650 -43.41837630
170.73979309 -43.41500341
170.74991854 -43.41162962
170.76004284 -43.40825494
170.77016599 -43.40487935
170.78028800 -43.40150287
170.79120283 -43.39785497
170.80211634 -43.39420605
170.81302854 -43.39055609
170.82393942 -43.38690508
170.83484899 -43.38325302
170.84575726 -43.37959991
170.85666420 -43.37594575
170.86756984 -43.37229055
170.87847417 -43.36863429
170.88937718 -43.36497699
170.90050757 -43.36178740
170.91163710 -43.35859649
170.92276547 -43.35540448
170.93389265 -43.35221139
170.94501865 -43.34901720
170.95614348 -43.34582191
170.96726713 -43.34262554
170.97838960 -43.33942807
170.98980419 -43.33772362
171.00121814 -43.33601802
171.01263144 -43.33431126
171.02404411 -43.33260336
171.03545613 -43.33089431
171.04686751 -43.32918411
171.05827824 -43.32747276
171.06968833 -43.32576027
171.08109778 -43.32404663
171.09250659 -43.32233184
171.10391477 -43.32061591
171.11532234 -43.31889882
171.12672926 -43.31718059
171.13813554 -43.31546120
171.14954118 -43.31374068
171.16132308 -43.31250152
171.17310450 -43.31126113
171.18488545 -43.31001953
171.19666592 -43.30877670
171.20844595 -43.30753265
171.22022553 -43.30628737
171.23200464 -43.30504088
171.24378326 -43.30379316
171.25556141 -43.30254422
171.26733907 -43.30129406
171.27792902 -43.29877416
171.28851810 -43.29625328
171.29910630 -43.29373140
171.30969363 -43.29120853
171.32028008 -43.28868468
171.33086565 -43.28615984
171.34145035 -43.28363401
171.35203417 -43.28110719
171.36413803 -43.27961358
171.37624130 -43.27811868
171.38834398 -43.27662249
171.40044607 -43.27512501
171.41254760 -43.27362627
171.42464853 -43.27212624
171.43642422 -43.27057285
171.44819931 -43.26901823
171.45997381 -43.26746240
171.47174771 -43.26590535
171.48352101 -43.26434708
171.49529372 -43.26278759
171.50706583 -43.26122689
171.51883734 -43.25966497
171.53060825 -43.25810183
171.54237857 -43.25653748
171.55292823 -43.25488501
171.56347732 -43.25323156
171.57402584 -43.25157714
171.58457379 -43.24992174
171.59512117 -43.24826536
171.60566798 -43.24660800
171.61621422 -43.24494968
171.62675988 -43.24329037
171.63783344 -43.23984987
171.64890575 -43.23640830
171.65997681 -43.23296565
171.67104662 -43.22952193
171.68211519 -43.22607713
171.69318252 -43.22263125
171.70424859 -43.21918430
171.71531340 -43.21573628
171.72612533 -43.21264167
171.73693617 -43.20954604
171.74774591 -43.20644938
171.75855456 -43.20335170
171.76936211 -43.20025299
171.78016857 -43.19715326
171.79097394 -43.19405250
171.80177822 -43.19095073
171.81192311 -43.18776425
171.82206695 -43.18457687
171.83220973 -43.18138860
171.84235145 -43.17819942
171.85249212 -43.17500933
171.86263173 -43.17181835
171.87277028 -43.16862647
171.88290777 -43.16543369
171.89304421 -43.16224000
171.90299837 -43.15906095
171.91295149 -43.15588103
171.92290358 -43.15270023
171.93285463 -43.14951857
171.94280465 -43.14633604
171.95275364 -43.14315264
171.96358184 -43.13999237
171.97440892 -43.13683107
171.98523488 -43.13366875
171.99605972 -43.13050540
172.00688344 -43.12734102
172.01770605 -43.12417563
172.02786962 -43.12121918
172.03803222 -43.11826183
172.04819383 -43.11530358
172.05835446 -43.11234442
172.06851411 -43.10938436
172.07867278 -43.10642340
172.08883047 -43.10346154
172.09898718 -43.10049877
172.10914290 -43.09753510
172.12017958 -43.09505575
172.13121537 -43.09257533
172.14225027 -43.09009386
172.15328427 -43.08761131
172.16431738 -43.08512771
172.17534960 -43.08264304
172.18638092 -43.08015731
172.19741135 -43.07767052
172.20844088 -43.07518266
172.21946952 -43.07269375
172.23049726 -43.07020377
172.24152410 -43.06771273
172.25255005 -43.06522063
172.26279173 -43.06256534
172.27303253 -43.05990914
172.28327244 -43.05725203
172.29351147 -43.05459400
172.30374961 -43.05193505
172.31398687 -43.04927519
172.32422324 -43.04661441
172.33541340 -43.04414971
172.34660265 -43.04168391
172.35779101 -43.03921702
172.36897847 -43.03674904
172.38016503 -43.03427997
172.39135069 -43.03180981
172.40253546 -43.02933855
172.41371936 -43.02686618
172.42447033 -43.02287212
172.43521990 -43.01887705
172.44596809 -43.01488097
172.45671487 -43.01088388
172.46746027 -43.00688579
172.47884284 -43.00411031
172.49022437 -43.00133370
172.50160489 -42.99855596
172.51298436 -42.99577709
172.52436281 -42.99299708
172.53574023 -42.99021595
172.54711661 -42.98743368
172.55849196 -42.98465029
172.56824597 -42.98162566
172.57799903 -42.97860020
172.58775112 -42.97557391
172.59750225 -42.97254680
172.60725242 -42.96951884
172.61700164 -42.96649005
172.62674990 -42.96346044
172.63738271 -42.96024726
172.64801441 -42.95703309
172.65864500 -42.95381795
172.66927449 -42.95060182
172.67990286 -42.94738470
172.69053013 -42.94416661
172.70115629 -42.94094753
172.71178135 -42.93772748
172.72240530 -42.93450644
172.73302813 -42.93128442
172.74364987 -42.92806143
172.75368788 -42.92321220
172.76372433 -42.91836210
172.77375920 -42.91351113
172.78379250 -42.90865928
172.79382422 -42.90380655
172.80385437 -42.89895295
172.81388297 -42.89409847
172.82391001 -42.88924311
172.83393548 -42.88438687
172.84395938 -42.87952977
172.85398171 -42.87467179
172.86312062 -42.86927051
172.87225795 -42.86386851
172.88139369 -42.85846577
172.89052784 -42.85306232
172.89966041 -42.84765814
172.90879139 -42.84225325
172.91792079 -42.83684763
172.92704861 -42.83144129
172.93617484 -42.82603424
172.94529952 -42.82062643
172.95442263 -42.81521789
172.96361746 -42.81013568
172.97281080 -42.80505273
172.98200261 -42.79996908
172.99119290 -42.79488473
173.00038172 -42.78979964
173.00956894 -42.78471385
173.01875465 -42.77962735
173.02793923 -42.77453999
173.03712230 -42.76945193
173.04630385 -42.76436316
173.05548389 -42.75927370
173.06444885 -42.75355097
173.07341215 -42.74782757
173.08237380 -42.74210352
173.09133381 -42.73637880
173.10029219 -42.73065342
173.10924891 -42.72492737
173.11820401 -42.71920066
173.12715748 -42.71347329
173.13610934 -42.70774526
173.14505956 -42.70201655
173.15365989 -42.69697816
173.16225886 -42.69193916
173.17085644 -42.68689951
173.17945264 -42.68185922
173.18804750 -42.67681828
173.19664096 -42.67177668
173.20523308 -42.66673442
173.21382383 -42.66169151
173.22241322 -42.65664791
173.23223786 -42.65150865
173.24206087 -42.64636847
173.25188221 -42.64122734
173.26170184 -42.63608529
173.27151972 -42.63094230
173.28133597 -42.62579837
173.29115055 -42.62065349
173.30096344 -42.61550766
173.31077463 -42.61036090
173.32058409 -42.60521321
173.33023472 -42.60086898
173.33988397 -42.59652400
173.34953187 -42.59217845
173.35917831 -42.58783227
173.36882345 -42.58348539
173.37846722 -42.57913759
173.38810985 -42.57478890
173.39775136 -42.57043926
173.40780862 -42.56635594
173.41786471 -42.56227183
173.42791945 -42.55818745
173.43797347 -42.55410234
173.44802550 -42.55001598
173.45807605 -42.54592852
173.46812481 -42.54184000
173.47817207 -42.53775064
173.48821788 -42.53366045
173.49826235 -42.52956934
173.50830584 -42.52547747
173.51857595 -42.52162083
173.52884472 -42.51776339
173.53911207 -42.51390499
173.54937781 -42.51004531
173.55964183 -42.50618456
173.56990430 -42.50232286
173.58016541 -42.49846022
173.59042538 -42.49459692
173.60068441 -42.49073279
173.61094244 -42.48686795
173.62119966 -42.48300210
173.63145533 -42.47913517
173.64171052 -42.47526744
173.65196410 -42.47139822
173.66221620 -42.46752868
173.67246626 -42.46365699
173.68271882 -42.45978880
173.69296728 -42.45591658
173.70174214 -42.44981953
173.71051734 -42.44372470
173.71929240 -42.43763099
173.72806535 -42.43153576
173.73683663 -42.42544067
173.74560639 -42.41934466
173.75437467 -42.41324838
173.76314150 -42.40715151
173.77190677 -42.40105423
173.78067065 -42.39495643
173.78943305 -42.38885815
173.79819404 -42.38275931
173.80695367 -42.37665995
173.81571189 -42.37056003
173.82321917 -42.36379539
173.83072511 -42.35703028
173.83822969 -42.35026472
173.84573285 -42.34349868
173.85323454 -42.33673215
173.86073474 -42.32996510
173.86823338 -42.32319751
173.87573044 -42.31642936
173.88322586 -42.30966066
173.89071959 -42.30289137
173.89821166 -42.29612150
173.90558420 -42.28952670
173.91295509 -42.28293134
173.92032432 -42.27633542
173.92769185 -42.26973898
173.93505771 -42.26314202
173.94242189 -42.25654456
173.94978439 -42.24994659
173.95714523 -42.24334813
173.96450442 -42.23674915
173.97186194 -42.23014965
173.97921783 -42.22354964
173.98629707 -42.21701063
173.99337481 -42.21047115
174.00045106 -42.20393120
174.00752583 -42.19739078
174.01459914 -42.19084993
174.02167097 -42.18430867
174.02874142 -42.17776702
174.03581046 -42.17122504
174.04287815 -42.16468269
174.04994447 -42.15813994
174.05694771 -42.15130085
174.06394953 -42.14446129
174.07094993 -42.13762130
174.07794886 -42.13078086
174.08494633 -42.12394000
174.09194235 -42.11709871
174.09893689 -42.11025698
174.10592998 -42.10341480
174.11292162 -42.09657218
174.12077553 -42.09035610
174.12862792 -42.08413945
174.13647876 -42.07792225
174.14432806 -42.07170448
174.15217580 -42.06548615
174.16002197 -42.05926727
174.16786658 -42.05304783
174.17570960 -42.04682785
174.18355104 -42.04060732
174.18946290 -42.03344338
174.19537339 -42.02627914
174.20128250 -42.01911458
174.20719024 -42.01194972
174.21309661 -42.00478457
174.21900162 -41.99761912
174.22490526 -41.99045336
174.23080754 -41.98328731
174.23670847 -41.97612095
174.24260806 -41.96895430
174.24850630 -41.96178735
174.25617709 -41.95538526
174.26384635 -41.94898268
174.27151408 -41.94257959
174.27918029 -41.93617601
174.28684501 -41.92977192
174.29450821 -41.92336735
174.30216991 -41.91696228
174.30983012 -41.91055672
174.31748884 -41.90415066
174.32514609 -41.89774411
174.33280182 -41.89133702
174.34045606 -41.88492942
174.34810880 -41.87852130
174.35576003 -41.87211267
174.36340973 -41.86570352
174.37105790 -41.85929385
174.37870452 -41.85288368
174.38634961 -41.84647303
174.39399316 -41.84006190
174.40150661 -41.83390720
174.40901862 -41.82775206
174.41652922 -41.82159648
174.42403843 -41.81544046
174.43154624 -41.80928398
174.43905264 -41.80312703
174.44655764 -41.79696959
174.45406118 -41.79081163
174.46156328 -41.78465314
174.46906390 -41.77849412
174.47656302 -41.77233455
174.48441315 -41.76721535
174.49226197 -41.76209557
174.50010949 -41.75697523
174.50795572 -41.75185434
174.51580067 -41.74673292
174.52364439 -41.74161096
174.53211258 -41.73649611
174.54057945 -41.73138066
174.54904504 -41.72626458
174.55750943 -41.72114791
174.56597248 -41.71603064
174.57443419 -41.71091277
174.58289462 -41.70579428
174.59172487 -41.70136445
174.60055396 -41.69693395
174.60938188 -41.69250279
174.61820862 -41.68807096
174.62703418 -41.68363848
174.63585856 -41.67920533
174.64468175 -41.67477152
174.65330130 -41.66935435
174.66191943 -41.66393653
174.67053614 -41.65851809
174.67915144 -41.65309901
174.68776533 -41.64767929
174.69637780 -41.64225894
174.70498883 -41.63683796
174.71359844 -41.63141635
174.72220662 -41.62599410
174.73079070 -41.62123719
174.73937354 -41.61647966
174.74795512 -41.61172150
174.75653545 -41.60696272
174.76511454 -41.60220330
174.77369237 -41.59744326
174.78226894 -41.59268260
174.79177798 -41.58758013
174.80128555 -41.58247688
174.81079166 -41.57737282
174.82029631 -41.57226800
174.82979947 -41.56716239
174.83944461 -41.56415057
174.84908885 -41.56113795
174.85873218 -41.55812454
174.86837462 -41.55511033
174.87801617 -41.55209533
174.88765681 -41.54907954
174.89659685 -41.54484895
174.90553572 -41.54061769
174.91447344 -41.53638575
174.92341000 -41.53215312
174.93234540 -41.52791981
174.94127964 -41.52368582
174.95021273 -41.51945115
174.96028193 -41.51689861
174.97035034 -41.51434519
174.98041796 -41.51179092
174.99048477 -41.50923578
175.00055079 -41.50667977
175.01061598 -41.50412289
175.02068038 -41.50156514
175.03074398 -41.49900653
175.04153096 -41.49540180
175.05231674 -41.49179608
175.06310132 -41.48818936
175.07388470 -41.48458165
175.08466689 -41.48097296
175.09544787 -41.47736326
175.10622766 -41.47375259
175.11700625 -41.47014093
175.12778363 -41.46652828
175.13855983 -41.46291464
175.14933482 -41.45930001
175.16010861 -41.45568439
175.17088121 -41.45206778
175.18165261 -41.44845019
175.19242281 -41.44483161
175.20319181 -41.44121204
175.21395962 -41.43759150
175.22343073 -41.43241812
175.23290034 -41.42724398
175.24236846 -41.42206908
175.25183509 -41.41689341
175.26130022 -41.41171699
175.27076386 -41.40653980
175.28022601 -41.40136185
175.28968668 -41.39618316
175.29914588 -41.39100371
175.30860362 -41.38582354
175.31805988 -41.38064261
175.32751464 -41.37546092
175.33696792 -41.37027847
175.34641970 -41.36509526
175.35586999 -41.35991130
175.36531879 -41.35472658
175.37476611 -41.34954111
175.38421193 -41.34435488
175.39365627 -41.33916789
175.40309912 -41.33398015
175.41254049 -41.32879166
175.42198037 -41.32360241
175.43141876 -41.31841241
175.44085567 -41.31322165
175.45029109 -41.30803014
175.45972502 -41.30283788
175.46915747 -41.29764487
175.47858844 -41.29245112
175.48801793 -41.28725662
175.49744593 -41.28206136
175.50555611 -41.27740688
175.51366517 -41.27275184
175.52177308 -41.26809625
175.52987986 -41.26344010
175.53798550 -41.25878339
175.54582143 -41.25231999
175.55365584 -41.24585608
175.56148873 -41.23939164
175.56932010 -41.23292668
175.57714996 -41.22646120
175.58471483 -41.21971509
175.59227818 -41.21296848
175.59983999 -41.20622139
175.60740029 -41.19947381
175.61495912 -41.19272573
175.62157006 -41.18606443
175.62817969 -41.17940276
175.63478800 -41.17274072
175.64139499 -41.16607830
175.64792648 -41.15950310
175.65445669 -41.15292755
175.66098562 -41.14635163
175.66751326 -41.13977534
175.67403962 -41.13319869
175.68056471 -41.12662168
175.68708851 -41.12004430
175.69361103 -41.11346656
175.69951163 -41.10634936
175.70541099 -41.09923186
175.71130914 -41.09211405
175.71720604 -41.08499595
175.72310169 -41.07787754
175.72899610 -41.07075884
175.73488927 -41.06363983
175.73983469 -41.05629322
175.74477904 -41.04894638
175.74972231 -41.04159933
175.75466452 -41.03425207
175.75960565 -41.02690458
175.76454572 -41.01955689
175.76895170 -41.01200323
175.77335671 -41.00444939
175.77776074 -40.99689538
175.78216379 -40.98934118
175.78656588 -40.98178680
175.79096699 -40.97423225
175.79663832 -40.96699587
175.80230845 -40.95975920
175.80797738 -40.95252226
175.81364511 -40.94528503
175.81931163 -40.93804753
175.82497694 -40.93080975
175.83064105 -40.92357170
175.83598029 -40.91611144
175.84131837 -40.90865093
175.84665527 -40.90119017
175.85199101 -40.89372916
175.85732558 -40.88626790
175.86265898 -40.87880639
175.86799122 -40.87134463
175.87332229 -40.86388263
175.87942194 -40.85647407
175.88552025 -40.84906519
175.89161725 -40.84165599
175.89771291 -40.83424648
175.90380726 -40.82683664
175.90990029 -40.81942649
175.91599199 -40.81201602
175.92208237 -40.80460523
175.92817143 -40.79719412
175.93638768 -40.79101253
175.94460243 -40.78483037
175.95281567 -40.77864765
175.96102740 -40.77246435
175.96923763 -40.76628049
175.97744636 -40.76009605
175.98565358 -40.75391105
175.99385930 -40.74772548
176.00206352 -40.74153934
176.01026623 -40.73535264
176.01846744 -40.72916537
176.02666714 -40.72297754
176.03486535 -40.71678914
176.04306205 -40.71060017
176.05125725 -40.70441064
176.05945095 -40.69822055
176.06764315 -40.69202990
176.07682634 -40.68713182
176.08600819 -40.68223303
176.09518870 -40.67733353
176.10436787 -40.67243332
176.11354570 -40.66753240
176.12272220 -40.66263077
176.13189735 -40.65772843
176.14107117 -40.65282539
176.15024365 -40.64792164
176.15941479 -40.64301718
176.16858460 -40.63811201
176.17775307 -40.63320614
176.18692019 -40.62829956
176.19608599 -40.62339228
176.20560437 -40.61859018
176.21512139 -40.61378731
176.22463705 -40.60898368
176.23415136 -40.60417929
176.24366431 -40.59937415
176.25317593 -40.59456827
176.26268620 -40.58976164
176.27219511 -40.58495425
176.28170266 -40.58014611
176.29120887 -40.57533721
176.30071372 -40.57052755
176.31021724 -40.56571715
176.31971940 -40.56090599
176.32916635 -40.55552579
176.33861180 -40.55014484
176.34805575 -40.54476314
176.35749820 -40.53938069
176.36693915 -40.53399749
176.37637860 -40.52861355
176.38581655 -40.52322886
176.39487523 -40.51767472
176.40393245 -40.51211990
176.41298824 -40.50656439
176.42204255 -40.50100820
176.43109541 -40.49545133
176.44014680 -40.48989377
176.44919671 -40.48433554
176.45824515 -40.47877661
176.46485490 -40.47231867
176.47146341 -40.46586035
176.47807069 -40.45940167
176.48467673 -40.45294261
176.49128152 -40.44648320
176.49788509 -40.44002341
176.50454051 -40.43296711
176.51119458 -40.42591043
176.51784729 -40.41885337
176.52449864 -40.41179595
176.53114864 -40.40473815
176.53779728 -40.39767997
176.54475683 -40.39109970
176.55171506 -40.38451902
176.55867196 -40.37793793
176.56562753 -40.37135644
176.57258179 -40.36477454
176.57953471 -40.35819224
176.58648632 -40.35160953
176.59343660 -40.34502642
176.60038556 -40.33844290
176.60733323 -40.33185896
176.61334912 -40.32416011
176.61936369 -40.31646095
176.62537693 -40.30876148
176.63138884 -40.30106170
176.63739942 -40.29336159
176.64340868 -40.28566117
176.64941661 -40.27796044
176.65542321 -40.27025940
176.66280688 -40.26368967
176.67018914 -40.25711948
176.67757001 -40.25054884
176.68494947 -40.24397775
176.69232754 -40.23740619
176.69970421 -40.23083418
176.70707950 -40.22426169
176.71822334 -40.22263911
176.72936662 -40.22101548
176.74050935 -40.21939080
176.75165152 -40.21776508
176.76279314 -40.21613831
176.77393421 -40.21451050
176.78507472 -40.21288164
176.79621468 -40.21125174
176.80671701 -40.20787101
176.81721828 -40.20448936
176.82771851 -40.20110678
176.83821768 -40.19772328
176.84871581 -40.19433886
176.85921289 -40.19095352
176.86970893 -40.18756726
176.88020391 -40.18418008
176.89069784 -40.18079198
176.90076113 -40.17735295
176.91082338 -40.17391304
176.92088462 -40.17047229
176.93094483 -40.16703069
176.94100402 -40.16358825
176.95106220 -40.16014497
176.96111935 -40.15670083
176.97117548 -40.15325586
176.98130964 -40.14874496
176.99144247 -40.14423322
177.00157396 -40.13972062
177.01170411 -40.13520716
177.02183293 -40.13069284
177.03196041 -40.12617768
177.04208656 -40.12166165
177.05221137 -40.11714478
177.06233484 -40.11262705
177.07245699 -40.10810846
177.08257779 -40.10358903
177.08984742 -40.09674114
177.09711562 -40.08989280
177.10438240 -40.08304402
177.11164775 -40.07619481
177.11891167 -40.06934515
177.12617418 -40.06249505
177.13343526 -40.05564451
177.14069492 -40.04879353
177.14795317 -40.04194211
177.15520999 -40.03509026
177.16246539 -40.02823796
177.16872286 -40.02095278
177.17497904 -40.01366727
177.18123393 -40.00638143
177.18748752 -39.99909527
177.19373982 -39.99180876
177.19999083 -39.98452193
177.20624055 -39.97723477
177.21248898 -39.96994728
177.21873612 -39.96265946
177.22498197 -39.95537131
177.22944905 -39.94740192
177.23391514 -39.93943234
177.23838023 -39.93146259
177.24284433 -39.92349266
177.24730743 -39.91552256
177.25176954 -39.90755227
177.25623066 -39.89958182
177.26069079 -39.89161119
177.26514993 -39.88364039
177.26960808 -39.87566941
177.27406524 -39.86769825
177.27901371 -39.86040262
177.28396117 -39.85310677
177.28890762 -39.84581072
177.29385306 -39.83851445
177.29879749 -39.83121797
177.30374090 -39.82392128
177.30868330 -39.81662438
177.31362469 -39.80932727
177.31856507 -39.80202995
177.32350444 -39.79473242
177.32844281 -39.78743468
177.33181518 -39.77924787
177.33518679 -39.77106095
177.33855765 -39.76287392
177.34192774 -39.75468677
177.34529708 -39.74649952
177.34866566 -39.73831216
177.35203348 -39.73012469
177.35540054 -39.72193710
177.35876685 -39.71374941
177.36213240 -39.70556161
177.36549720 -39.69737370
177.36886127 -39.68918568
177.36240733 -39.68303968
177.35595453 -39.67689330
177.34950285 -39.67074653
177.34305231 -39.66459937
177.33660290 -39.65845182
177.33015462 -39.65230388
177.32370746 -39.64615556
177.31878347 -39.63938193
177.31386044 -39.63260806
177.30893836 -39.62583395
177.30401725 -39.61905960
177.29909708 -39.61228501
177.29417787 -39.60551019
177.28349309 -39.60820338
177.27280746 -39.61089561
177.26212100 -39.61358689
177.25143370 -39.61627721
177.24074556 -39.61896658
177.23005657 -39.62165498
177.21936675 -39.62434243
177.20867609 -39.62702892
177.19820107 -39.62975276
177.18772522 -39.63247566
177.17724854 -39.63519765
177.16677103 -39.63791872
177.15629268 -39.64063887
177.14581350 -39.64335809
177.13533349 -39.64607640
177.12485265 -39.64879378
177.11437098 -39.65151025
177.10388848 -39.65422579
177.09340513 -39.65694041
177.08308385 -39.65921446
177.07276188 -39.66148761
177.06243922 -39.66375987
177.05211587 -39.66603123
177.04179183 -39.66830169
177.03146710 -39.67057126
177.02114169 -39.67283994
177.01081559 -39.67510771
177.00048880 -39.67737459
176.99016131 -39.67964056
176.97983313 -39.68190564
176.96950427 -39.68416981
176.95869340 -39.68604797
176.94788193 -39.68792515
176.93706986 -39.68980134
176.92625719 -39.69167654
176.91544391 -39.69355075
176.90463003 -39.69542398
176.89381558 -39.69729622
176.88300055 -39.69916748
176.87218494 -39.70103776
176.86136873 -39.70290705
176.85055192 -39.70477535
176.83973452 -39.70664266
176.82891651 -39.70850899
176.81809790 -39.71037433
176.80727869 -39.71223868
176.79645890 -39.71410205
176.78563854 -39.71596444
176.77481759 -39.71782583
176.76399603 -39.71968625
176.75326700 -39.72003624
176.74253784 -39.72038525
176.73180855 -39.72073329
176.72107912 -39.72108035
176.71034957 -39.72142643
176.70097160 -39.71934302
176.69159418 -39.71725884
176.68221729 -39.71517391
176.67284096 -39.71308822
176.66346516 -39.71100178
176.65408991 -39.70891458
176.64354988 -39.70581407
176.63301076 -39.70271261
176.62247255 -39.69961018
176.61193527 -39.69650680
176.60139891 -39.69340246
176.59142119 -39.68982996
176.58144446 -39.68625659
176.57146873 -39.68268235
176.56149401 -39.67910725
176.55152028 -39.67553129
176.54154756 -39.67195446
176.53157584 -39.66837677
176.52124297 -39.66547370
176.51091094 -39.66256970
176.50057974 -39.65966479
176.49024938 -39.65675894
176.48023856 -39.65648988
176.47022780 -39.65621997
176.46021710 -39.65594920
176.45020646 -39.65567758
176.44019588 -39.65540510
176.43028524 -39.65713216
176.42037410 -39.65885839
176.41046246 -39.66058379
176.40055032 -39.66230836
176.39063762 -39.66403212
176.38068358 -39.66868631
176.37072821 -39.67333967
176.36077151 -39.67799219
176.35081348 -39.68264387
176.34085412 -39.68729472
176.33089343 -39.69194473
176.32093141 -39.69659390
176.31214934 -39.70195775
176.30336593 -39.70732095
176.29458116 -39.71268352
176.28579503 -39.71804543
176.27700756 -39.72340669
176.26821874 -39.72876729
176.25942857 -39.73412724
176.25136458 -39.73912527
176.24329944 -39.74412275
176.23523314 -39.74911968
176.22716569 -39.75411606
176.21909708 -39.75911188
176.21102732 -39.76410715
176.20295641 -39.76910187
176.19488433 -39.77409603
176.18793206 -39.77965474
176.18097868 -39.78521304
176.17402420 -39.79077093
176.16706861 -39.79632841
176.16011192 -39.80188548
176.15315414 -39.80744214
176.14557751 -39.81382825
176.13799950 -39.82021387
176.13042011 -39.82659901
176.12283933 -39.83298365
176.11525717 -39.83936781
176.10767363 -39.84575147
176.10008870 -39.85213465
176.09250241 -39.85851732
176.08491473 -39.86489950
176.07732567 -39.87128119
176.06973522 -39.87766239
176.06335817 -39.88498626
176.05697979 -39.89230977
176.05060007 -39.89963293
176.04421901 -39.90695573
176.03783661 -39.91427819
176.03145288 -39.92160029
176.02506781 -39.92892203
176.01868140 -39.93624343
176.01229365 -39.94356447
176.00590456 -39.95088515
175.99951413 -39.95820548
175.99312236 -39.96552546
175.98672924 -39.97284508
175.98033479 -39.98016435
175.97393899 -39.98748326
175.96754184 -39.99480182
175.96114335 -40.00212003
175.95474352 -40.00943789
175.94849149 -40.01542689
175.94223838 -40.02141556
175.93598419 -40.02740389
175.93088627 -40.03325643
175.92578750 -40.03910876
175.92068786 -40.04496085
175.91558737 -40.05081272
175.91096626 -40.05700987
175.90634433 -40.06320684
175.90172157 -40.06940362
175.89709798 -40.07560020
175.89111629 -40.08272484
175.88513337 -40.08984916
175.87914922 -40.09697317
175.87316386 -40.10409685
175.86748637 -40.11081911
175.86180779 -40.11754110
175.85612811 -40.12426280
175.85044732 -40.13098422
175.84476543 -40.13770537
175.83898834 -40.14440471
175.83321012 -40.15110376
175.82743079 -40.15780252
175.82165034 -40.16450099
175.81586878 -40.17119918
175.81008609 -40.17789707
175.80390178 -40.18430640
175.79771632 -40.19071540
175.79152970 -40.19712407
175.78534192 -40.20353241
175.77915298 -40.20994042
175.77296289 -40.21634810
175.76677165 -40.22275546
175.76057926 -40.22916248
175.75411963 -40.23640147
175.74765865 -40.24364010
175.74119631 -40.25087836
175.73473262 -40.25811627
175.72826756 -40.26535381
175.72180115 -40.27259099
175.71533339 -40.27982781
175.70740971 -40.28628107
175.69948454 -40.29273378
175.69155786 -40.29918599
175.68362964 -40.30563767
175.67569993 -40.31208881
175.66776873 -40.31853942
175.65983605 -40.32498949
175.65286332 -40.33144412
175.64588928 -40.33789834
175.63891394 -40.34435215
175.63193728 -40.35080553
175.62495932 -40.35725850
175.61798005 -40.36371105
175.61099946 -40.37016318
175.60401757 -40.37661489
175.59703436 -40.38306618
175.59004985 -40.38951704
175.58174005 -40.39559189
175.57342875 -40.40166615
175.56511596 -40.40773983
175.55680169 -40.41381292
175.54848595 -40.41988541
175.54016873 -40.42595731
175.53185003 -40.43202862
175.52352986 -40.43809934
175.51520821 -40.44416946
175.50688508 -40.45023899
175.49992103 -40.45750509
175.49295545 -40.46477075
175.48598840 -40.47203600
175.47901987 -40.47930082
175.47204986 -40.48656522
175.46507836 -40.49382921
175.45810535 -40.50109277
175.45113080 -40.50835591
175.44415477 -40.51561862
175.43717726 -40.52288092
175.43019826 -40.53014280
175.42321777 -40.53740425
175.41623581 -40.54466528
175.40925235 -40.55192589
175.40226741 -40.55918608
175.39528097 -40.56644585
175.38829304 -40.57370519
175.38130363 -40.58096412
175.37431272 -40.58822262
175.36732032 -40.59548070
175.36032642 -40.60273837
175.35333101 -40.60999563
175.34633412 -40.61725247
175.33933574 -40.62450888
175.33233586 -40.63176486
175.32533449 -40.63902042
175.31833162 -40.64627555
175.31132726 -40.65353025
175.30432141 -40.66078453
175.29731405 -40.66803838
175.29030518 -40.67529181
175.28329482 -40.68254481
175.27628295 -40.68979738
175.26926959 -40.69704953
175.26225470 -40.70430126
175.25523831 -40.71155256
175.24822042 -40.71880343
175.24120103 -40.72605387
175.23418015 -40.73330388
175.22715777 -40.74055347
175.22013389 -40.74780262
175.21310851 -40.75505134
175.20608163 -40.76229963
175.19905324 -40.76954749
175.19202335 -40.77679490
175.18499195 -40.78404188
175.17795905 -40.79128843
175.17092465 -40.79853454
175.16388871 -40.80578025
175.15685126 -40.81302553
175.14981230 -40.82027037
175.14277183 -40.82751479
175.13572985 -40.83475876
175.12868636 -40.84200231
175.12164136 -40.84924541
175.11459484 -40.85648809
175.10754681 -40.86373033
175.10049727 -40.87097214
175.09344620 -40.87821351
175.08639362 -40.88545445
175.07933952 -40.89269496
175.07228390 -40.89993503
175.06522675 -40.90717468
175.05816808 -40.91441390
175.05110789 -40.92165269
175.04404617 -40.92889103
175.03698294 -40.93612895
175.02991818 -40.94336642
175.02285191 -40.95060346
175.01578411 -40.95784007
175.00804170 -40.96379006
175.00029792 -40.96973954
174.99255272 -40.97568851
174.98480614 -40.98163697
174.97705819 -40.98758490
174.96930886 -40.99353232
174.96155817 -40.99947923
174.95380608 -41.00542563
174.94605260 -41.01137151
174.93829774 -41.01731687
174.93104978 -41.02380966
174.92380041 -41.03030199
174.91654963 -41.03679387
174.90929745 -41.04328529
174.90204388 -41.04977626
174.89478892 -41.05626678
174.88753254 -41.06275685
174.88027476 -41.06924646
174.87301557 -41.07573563
174.86575501 -41.08222433
174.85809726 -41.08681519
174.85043842 -41.09140553
174.84371788 -41.09824318
174.83699595 -41.10508043
174.83027265 -41.11191731
174.82354797 -41.11875382
174.81682193 -41.12558993
174.81009452 -41.13242564
174.80336573 -41.13926095
174.79501993 -41.14534850
174.78667259 -41.15143546
174.77832372 -41.15752182
174.76997333 -41.16360757
174.76162141 -41.16969273
174.75326796 -41.17577728
174.74559311 -41.18202119
174.73791682 -41.18826459
174.73023909 -41.19450747
174.72255989 -41.20074987
174.71487919 -41.20699178
174.70719704 -41.21323318
174.69951344 -41.21947407
174.68960539 -41.22448050
174.67969585 -41.22948609
174.66978481 -41.23449082
174.65987227 -41.23949470
174.64995825 -41.24449773
174.64178470 -41.24908203
174.63361002 -41.25366574
174.62543421 -41.25824888
174.61725726 -41.26283144
174.61055934 -41.26921886
174.60386013 -41.27560591
174.59715962 -41.28199258
174.59045783 -41.28837887
174.58375475 -41.29476475
174.57705038 -41.30115024
174.57034472 -41.30753533
174.56363777 -41.31392002
174.55642758 -41.31982546
174.54921610 -41.32573045
174.54200334 -41.33163499
174.53478929 -41.33753907
174.52757395 -41.34344270
174.52035733 -41.34934588
174.51313941 -41.35524861
174.50592018 -41.36115093
174.49752288 -41.36662128
174.48912416 -41.37209106
174.48072401 -41.37756029
174.47232245 -41.38302892
174.46391951 -41.38849694
174.45551518 -41.39396435
174.44710946 -41.39943115
174.43870235 -41.40489733
174.43029386 -41.41036290
174.42167450 -41.41642615
174.41305356 -41.42248876
174.40443102 -41.42855074
174.39580690 -41.43461207
174.38718120 -41.44067277
174.37855389 -41.44673285
174.36992499 -41.45279229
174.36129450 -41.45885111
174.35266242 -41.46490927
174.34402875 -41.47096681
174.33539348 -41.47702372
174.32675662 -41.48307999
174.31811816 -41.48913563
174.30947810 -41.49519062
174.30083645 -41.50124498
174.29219318 -41.50729869
174.28354831 -41.51335176
174.27506890 -41.51936173
174.26658792 -41.52537107
174.25810538 -41.53137979
174.24962127 -41.53738789
174.24113559 -41.54339536
174.23264835 -41.54940221
174.22415953 -41.55540842
174.21566914 -41.56141402
174.20717716 -41.56741898
174.19868361 -41.57342331
174.19018848 -41.57942701
174.18169177 -41.58543008
174.17319348 -41.59143252
174.16469360 -41.59743432
174.15642657 -41.60332515
174.14815803 -41.60921538
174.13988795 -41.61510500
174.13161641 -41.62099404
174.12334337 -41.62688249
174.11506884 -41.63277036
174.10679283 -41.63865767
174.09851531 -41.64454443
174.09023625 -41.65043056
174.08029770 -41.65528874
174.07035768 -41.66014606
174.06041618 -41.66500253
174.05047315 -41.66985811
174.04052857 -41.67471284
174.03058255 -41.67956667
174.02063504 -41.68441965
174.01068610 -41.68927178
174.00073568 -41.69412306
173.99078372 -41.69897330
173.98083020 -41.70382250
173.97087519 -41.70867084
173.96091870 -41.71351829
173.95165718 -41.71895488
173.94239411 -41.72439073
173.93312948 -41.72982584
173.92386331 -41.73526019
173.91459557 -41.74069379
173.90532627 -41.74612664
173.89605542 -41.75155873
173.88678301 -41.75699005
173.87750904 -41.76242061
173.86823352 -41.76785041
173.85895645 -41.77327943
173.84967781 -41.77870768
173.84039763 -41.78413515
173.83111590 -41.78956184
173.82183260 -41.79498774
173.81254773 -41.80041285
173.80327117 -41.80555912
173.79399312 -41.81070460
173.78471357 -41.81584930
173.77543252 -41.82099324
173.76614997 -41.82613640
173.75686591 -41.83127881
173.74758034 -41.83642048
173.73829328 -41.84156139
173.72900470 -41.84670157
173.71971464 -41.85184102
173.71042308 -41.85697974
173.70113003 -41.86211773
173.69183548 -41.86725501
173.68253946 -41.87239153
173.67324205 -41.87752724
173.66372567 -41.88216251
173.65420800 -41.88679698
173.64468898 -41.89143067
173.63516859 -41.89606361
173.62564682 -41.90069576
173.61612369 -41.90532713
173.60659920 -41.90995772
173.59707339 -41.91458754
173.58754632 -41.91921661
173.57801790 -41.92384490
173.56848817 -41.92847242
173.55895711 -41.93309918
173.54942472 -41.93772519
173.53891598 -41.94015584
173.52840645 -41.94258557
173.51789612 -41.94501438
173.50738499 -41.94744226
173.49687307 -41.94986920
173.48636034 -41.95229521
173.47584683 -41.95472028
173.46533252 -41.95714442
173.45481742 -41.95956762
173.44430153 -41.96198987
173.43422336 -41.96639481
173.42414382 -41.97079889
173.41406291 -41.97520209
173.40398064 -41.97960443
173.39389698 -41.98400588
173.38381194 -41.98840645
173.37287815 -41.99082358
173.36194355 -41.99323968
173.35100814 -41.99565475
173.34007190 -41.99806879
173.32913484 -42.00048179
173.31819696 -42.00289376
173.30725824 -42.00530469
173.29621744 -42.00863109
173.28517547 -42.01195641
173.27413235 -42.01528067
173.26308809 -42.01860387
173.25204267 -42.02192601
173.24099611 -42.02524709
173.22994840 -42.02856710
173.21889954 -42.03188604
173.20784953 -42.03520392
173.19679837 -42.03852074
173.18574605 -42.04183650
173.17469259 -42.04515119
173.16363798 -42.04846481
173.15218835 -42.04967050
173.14073828 -42.05087504
173.12928777 -42.05207845
173.11783682 -42.05328070
173.10638544 -42.05448182
173.09493361 -42.05568181
173.08348133 -42.05688068
173.07202861 -42.05807840
173.06057546 -42.05927498
173.04912189 -42.06047042
173.03766787 -42.06166471
173.02621343 -42.06285786
173.01479663 -42.06422002
173.00337934 -42.06558105
172.99196155 -42.06694093
172.98054328 -42.06829968
172.96912451 -42.06965729
172.95770526 -42.07101376
172.94628552 -42.07236909
172.93486530 -42.07372329
172.92344459 -42.07507636
172.91202341 -42.07642830
172.90060174 -42.07777910
172.88917954 -42.07912877
172.87775685 -42.08047729
172.86633369 -42.08182468
172.85472013 -42.08218555
172.84310644 -42.08254524
172.83149263 -42.08290375
172.81987868 -42.08326109
172.80826460 -42.08361725
172.79665039 -42.08397223
172.78503605 -42.08432604
172.77342158 -42.08467867
172.76180698 -42.08503012
172.75019226 -42.08538039
172.73857735 -42.08572948
172.72696232 -42.08607739
172.71534717 -42.08642413
172.70373177 -42.08676967
172.69211621 -42.08711402
172.68050054 -42.08745720
172.66888475 -42.08779920
172.65726885 -42.08814001
172.64565283 -42.08847965
172.63379837 -42.08929623
172.62194362 -42.09011158
172.61008857 -42.09092569
172.59823323 -42.09173858
172.58637764 -42.09255022
172.57452176 -42.09336063
172.56266558 -42.09416982
172.55080911 -42.09497777
172.53895235 -42.09578449
172.52709529 -42.09658998
172.51523795 -42.09739424
172.50338031 -42.09819727
172.49152239 -42.09899907
172.47966417 -42.09979963
172.46780567 -42.10059897
172.45594688 -42.10139707
172.44408781 -42.10219395
172.43222844 -42.10298959
172.42036879 -42.10378399
172.40850886 -42.10457717
172.39664863 -42.10536910
172.38478809 -42.10615977
172.37292726 -42.10694921
172.36106616 -42.10773742
172.34920477 -42.10852439
172.33734310 -42.10931013
172.32548115 -42.11009464
172.31361892 -42.11087791
172.30193153 -42.11289497
172.29024340 -42.11491084
172.27855454 -42.11692551
172.26686495 -42.11893897
172.25517462 -42.12095123
172.24348357 -42.12296229
172.23179178 -42.12497215
172.22009926 -42.12698080
172.20840601 -42.12898824
172.19671203 -42.13099449
172.18501732 -42.13299952
172.17332187 -42.13500334
172.16162570 -42.13700597
172.14994840 -42.13901486
172.13827037 -42.14102255
172.12659160 -42.14302904
172.11491212 -42.14503433
172.10323190 -42.14703842
172.09155095 -42.14904130
172.07986927 -42.15104297
172.06818687 -42.15304344
172.05650374 -42.15504271
172.04481988 -42.15704077
172.03313529 -42.15903763
172.02144998 -42.16103329
172.00976395 -42.16302774
171.99807719 -42.16502098
171.98638970 -42.16701302
171.97482098 -42.16952901
171.96325134 -42.17204382
171.95168079 -42.17455745
171.94010933 -42.17706989
171.92853697 -42.17958115
171.91696370 -42.18209122
171.90538951 -42.18460011
171.89381442 -42.18710781
171.88223841 -42.18961433
171.87066149 -42.19211966
171.85908367 -42.19462380
171.84750494 -42.19712676
171.83673052 -42.19939860
171.82595534 -42.20166942
171.81517940 -42.20393921
171.80440269 -42.20620797
171.79362521 -42.20847570
171.78284698 -42.21074240
171.77206798 -42.21300807
171.76128821 -42.21527272
171.75050769 -42.21753634
171.73972640 -42.21979892
171.72894436 -42.22206048
171.71816155 -42.22432101
171.70723047 -42.22817828
171.69629806 -42.23203449
171.68536430 -42.23588964
171.67442921 -42.23974373
171.66349279 -42.24359676
171.65255504 -42.24744871
171.64161597 -42.25129961
171.63067556 -42.25514943
171.61973382 -42.25899818
171.60879075 -42.26284587
171.59784635 -42.26669249
171.58690061 -42.27053805
171.57595354 -42.27438254
171.56500515 -42.27822596
171.55470477 -42.28252581
171.54440298 -42.28682471
171.53409979 -42.29112266
171.52379520 -42.29541966
171.51348920 -42.29971571
171.50318180 -42.30401081
171.49287298 -42.30830497
171.48256277 -42.31259818
171.47225114 -42.31689044
171.46193811 -42.32118174
171.45180559 -42.32590338
171.44167154 -42.33062410
171.43153597 -42.33534389
171.42139887 -42.34006277
171.41126026 -42.34478072
171.40112012 -42.34949775
171.39097845 -42.35421390
171.38083526 -42.35892913
171.37069055 -42.36364344
171.36054431 -42.36835682
171.35077815 -42.37321777
171.34101047 -42.37807787
171.33124128 -42.38293711
171.32147057 -42.38779550
171.31169834 -42.39265302
171.30192460 -42.39750970
171.29291548 -42.40300132
171.28390478 -42.40849221
171.27489250 -42.41398237
171.26587863 -42.41947179
171.25686318 -42.42496049
171.24784614 -42.43044845
171.23882752 -42.43593568
171.22980731 -42.44142218
171.22078551 -42.44690794
171.21176213 -42.45239297
171.20273715 -42.45787727
171.19371060 -42.46336082
171.18468247 -42.46884364
171.17620222 -42.47444124
171.16772044 -42.48003819
171.15923713 -42.48563448
171.15075230 -42.49123013
171.14226593 -42.49682513
171.13377805 -42.50241947
171.12528865 -42.50801315
171.11679772 -42.51360618
171.10830525 -42.51919857
171.09981126 -42.52479029
171.09102149 -42.53008787
171.08223022 -42.53538475
171.07343745 -42.54068093
171.06464318 -42.54597641
171.05584741 -42.55127120
171.04705014 -42.55656528
171.03825137 -42.56185867
171.02902667 -42.56734676
171.01980034 -42.57283409
171.01057237 -42.57832064
171.00134277 -42.58380643
170.99211153 -42.58929145
170.98287865 -42.59477569
170.97364414 -42.60025916
170.96440800 -42.60574184
170.95517022 -42.61122374
170.94593081 -42.61670488
170.93668976 -42.62218525
170.92744707 -42.62766485
170.92013790 -42.63396335
170.91282723 -42.64026137
170.90551506 -42.64655890
170.89820140 -42.65285594
170.89088622 -42.65915248
170.88356954 -42.66544853
170.87625135 -42.67174409
170.86893167 -42.67803917
170.86161049 -42.68433376
170.85428781 -42.69062786
170.84679809 -42.69703745
170.83930680 -42.70344651
170.83181394 -42.70985507
170.82431952 -42.71626311
170.81682353 -42.72267065
170.80932598 -42.72907767
170.80182686 -42.73548418
170.79432617 -42.74189018
170.78682392 -42.74829566
170.77932010 -42.75470064
170.77181470 -42.76110510
170.76430774 -42.76750905
170.75658775 -42.77387696
170.74886615 -42.78024433
170.74114295 -42.78661115
170.73341814 -42.79297743
170.72569171 -42.79934317
170.71796363 -42.80570836
170.71023394 -42.81207299
170.70250264 -42.81843709
170.69476972 -42.82480066
170.68703518 -42.83116370
170.67929904 -42.83752619
170.67156128 -42.84388814
170.66382192 -42.85024955
170.65608094 -42.85661041
170.64833836 -42.86297073
170.64059416 -42.86933050
170.63284834 -42.87568973
170.62510092 -42.88204841
170.61735188 -42.88840655
170.60925302 -42.89444786
170.60115256 -42.90048859
170.59305048 -42.90652874
170.58494679 -42.91256829
170.57684150 -42.91860725
170.56873461 -42.92464562
170.56062611 -42.93068339
170.55251602 -42.93672056
170.54440431 -42.94275714
170.53629101 -42.94879313
170.52817609 -42.95482852
170.52005957 -42.96086331
170.51194145 -42.96689750
170.50382172 -42.97293110
170.49570038 -42.97896411
170.48757743 -42.98499653
170.47877919 -42.99069189
170.46997931 -42.99638656
170.46117777 -43.00208053
170.45237458 -43.00777380
170.44356976 -43.01346637
170.43476329 -43.01915824
170.42595518 -43.02484941
170.41714542 -43.03053987
170.40833403 -43.03622964
170.39889710 -43.04115837
170.38945863 -43.04608635
170.38001865 -43.05101352
170.37057714 -43.05593989
170.36113410 -43.06086546
170.35168954 -43.06579023
170.34224346 -43.07071419
170.33279585 -43.07563736
170.32334671 -43.08055972
170.31389605 -43.08548127
170.30444387 -43.09040203
170.29524468 -43.09624861
170.28604370 -43.10209442
170.27684095 -43.10793948
170.26763643 -43.11378377
170.25843014 -43.11962730
170.24922207 -43.12547006
170.24001223 -43.13131205
170.23080062 -43.13715328
170.22158723 -43.14299374
170.21237207 -43.14883344
170.20315513 -43.15467237
170.19337768 -43.15979277
170.18359857 -43.16491230
170.17381782 -43.17003098
170.16403542 -43.17514879
170.15425137 -43.18026574
170.14446567 -43.18538184
170.13467833 -43.19049707
170.12488933 -43.19561144
170.11509868 -43.20072495
170.10530638 -43.20583760
170.09551243 -43.21094938
170.08571682 -43.21606031
170.07591955 -43.22117037
170.06612064 -43.22627957
170.05632008 -43.23138790
170.04651786 -43.23649538
170.03671399 -43.24160199
170.02690847 -43.24670773
170.01710130 -43.25181262
170.00729247 -43.25691663
169.99748199 -43.26201979
169.98766985 -43.26712207
169.97848436 -43.27151206
169.96929753 -43.27590129
169.96010938 -43.28028976
169.95091989 -43.28467747
169.94172907 -43.28906443
169.93253692 -43.29345062
169.92334343 -43.29783606
169.91414862 -43.30222074
169.90495248 -43.30660466
169.89492921 -43.31118279
169.88490440 -43.31576001
169.87487807 -43.32033632
169.86485022 -43.32491173
169.85482085 -43.32948624
169.84478996 -43.33405984
169.83475755 -43.33863254
169.82472363 -43.34320433
169.81468818 -43.34777522
169.80465121 -43.35234520
169.79461272 -43.35691428
169.78457270 -43.36148245
169.77453116 -43.36604972
169.76448810 -43.37061608
169.75393134 -43.37511317
169.74337302 -43.37960927
169.73281311 -43.38410436
169.72225164 -43.38859845
169.71168858 -43.39309154
169.70112395 -43.39758362
169.69055775 -43.40207468
169.67998997 -43.40656472
169.66942062 -43.41105376
169.65884969 -43.41554179
169.64827719 -43.42002883
169.63770311 -43.42451485
169.62712745 -43.42899988
169.61655022 -43.43348389
169.60597142 -43.43796690
169.59539104 -43.44244890
169.58480909 -43.44692987
169.57422556 -43.45140984
169.56364046 -43.45588880
169.55250466 -43.45972294
169.54136745 -43.46355597
169.53022883 -43.46738788
169.51908879 -43.47121868
169.50794734 -43.47504836
169.49680446 -43.47887692
169.48566017 -43.48270437
169.47451446 -43.48653070
169.46336733 -43.49035592
169.45221879 -43.49418001
169.44106884 -43.49800300
169.42991747 -43.50182486
169.41876469 -43.50564560
169.40761049 -43.50946523
169.39645485 -43.51328372
169.38529777 -43.51710105
169.37413927 -43.52091727
169.36297936 -43.52473237
169.35181802 -43.52854635
169.34065527 -43.53235921
169.32949111 -43.53617095
169.31832552 -43.53998157
169.30715852 -43.54379106
169.29681955 -43.54762642
169.28647926 -43.55146082
169.27613764 -43.55529425
169.26579470 -43.55912672
169.25545044 -43.56295823
169.24510485 -43.56678877
169.23475795 -43.57061835
169.22440971 -43.57444697
169.21406016 -43.57827462
169.20370928 -43.58210130
169.19335708 -43.58592702
169.18300356 -43.58975177
169.17278132 -43.59417594
169.16255756 -43.59859916
169.15233229 -43.60302144
169.14210550 -43.60744278
169.13187719 -43.61186317
169.12164738 -43.61628263
169.11141604 -43.62070113
169.10118320 -43.62511870
169.08999839 -43.62890673
169.07881217 -43.63269364
169.06762453 -43.63647942
169.05643548 -43.64026408
169.04524502 -43.64404761
169.03405314 -43.64783001
169.02285985 -43.65161129
169.01166514 -43.65539144
169.00046902 -43.65917046
168.98975429 -43.66312581
168.97903814 -43.66708013
168.96832057 -43.67103341
168.95760159 -43.67498566
168.94688118 -43.67893688
168.93615936 -43.68288706
168.92543611 -43.68683621
168.91471145 -43.69078432
168.90398537 -43.69473139
168.89325783 -43.69867741
168.88252887 -43.70262238
168.87179848 -43.70656631
168.86106667 -43.71050920
168.85033343 -43.71445106
168.83959878 -43.71839187
168.82886270 -43.72233165
168.81812521 -43.72627039
168.80738629 -43.73020808
168.79664595 -43.73414474
168.78590418 -43.73808035
168.77516100 -43.74201492
168.76441639 -43.74594845
168.75367036 -43.74988094
168.74292291 -43.75381238
168.73217404 -43.75774279
168.72142375 -43.76167215
168.71129068 -43.76535492
168.70115635 -43.76903676
168.69102074 -43.77271768
168.68088387 -43.77639767
168.67074574 -43.78007674
168.66060636 -43.78375488
168.65046572 -43.78743209
168.64032382 -43.79110837
168.63018066 -43.79478373
168.62003625 -43.79845815
168.60989058 -43.80213164
168.60040877 -43.80236171
168.59092687 -43.80259098
168.58010730 -43.80596765
168.56928650 -43.80934326
168.55846447 -43.81271782
168.54764121 -43.81609132
168.53681672 -43.81946377
168.52599100 -43.82283517
168.51516405 -43.82620551
168.50433587 -43.82957479
168.49350646 -43.83294302
168.48267582 -43.83631019
168.47184395 -43.83967631
168.46101085 -43.84304137
168.45017653 -43.84640537
168.43934097 -43.84976832
168.42850418 -43.85313021
168.41766617 -43.85649104
168.40682692 -43.85985082
168.39598644 -43.86320954
168.38514472 -43.86656720
168.37434086 -43.87010321
168.36353570 -43.87363816
168.35272925 -43.87717206
168.34192151 -43.88070490
168.33111248 -43.88423670
168.32030216 -43.88776744
168.30949055 -43.89129713
168.29867764 -43.89482577
168.28786344 -43.89835335
