170.38591307 -43.31559385
170.37763282 -43.31087660
170.36935386 -43.30615877
170.36107619 -43.30144034
170.35279976 -43.29672137
170.34452455 -43.29200187
170.33625064 -43.28728178
170.34470030 -43.28144283
170.35314832 -43.27560324
170.36159470 -43.26976300
170.37003946 -43.26392213
170.37848258 -43.25808060
170.38692407 -43.25223844
170.39536394 -43.24639563
170.40380214 -43.24055222
170.41223868 -43.23470821
170.41999589 -43.22779588
170.42775133 -43.22088301
170.43550499 -43.21396958
170.44325689 -43.20705561
170.45100702 -43.20014109
170.45875536 -43.19322604
170.46650192 -43.18631046
170.47424672 -43.17939433
170.48198975 -43.17247765
170.48973101 -43.16556043
170.49747051 -43.15864267
170.50520823 -43.15172438
170.51253070 -43.14505462
170.51985157 -43.13838437
170.52717082 -43.13171364
170.53448847 -43.12504242
170.54180451 -43.11837071
170.54911894 -43.11169851
170.55643177 -43.10502582
170.56374298 -43.09835265
170.57105259 -43.09167902
170.57763664 -43.08468135
170.58421918 -43.07768329
170.59080020 -43.07068483
170.59737970 -43.06368598
170.60395769 -43.05668676
170.61053417 -43.04968716
170.61710913 -43.04268716
170.62368257 -43.03568676
170.63025450 -43.02868596
170.63682491 -43.02168477
170.64339381 -43.01468318
170.64996119 -43.00768118
170.65652706 -43.00067880
170.66309137 -42.99367604
170.66965415 -42.98667290
170.67640065 -42.97940838
170.68314553 -42.97214345
170.68988881 -42.96487810
170.69663047 -42.95761234
170.70337051 -42.95034618
170.71010893 -42.94307962
170.71684573 -42.93581265
170.72358093 -42.92854525
170.73070404 -42.92158421
170.73782552 -42.91462270
170.74494538 -42.90766073
170.75206361 -42.90069829
170.75918020 -42.89373540
170.76629516 -42.88677205
170.77340849 -42.87980824
170.78052021 -42.87284397
170.78763030 -42.86587924
170.79473877 -42.85891404
170.80184561 -42.85194839
170.80895084 -42.84498228
170.81605445 -42.83801570
170.82315644 -42.83104866
170.82923542 -42.82388796
170.83531297 -42.81672691
170.84138910 -42.80956552
170.84746381 -42.80240379
170.85353705 -42.79524173
170.85960881 -42.78807932
170.86567915 -42.78091657
170.87174807 -42.77375348
170.87781556 -42.76659006
170.88388163 -42.75942631
170.88994627 -42.75226221
170.89707098 -42.74556504
170.90419413 -42.73886739
170.91131572 -42.73216928
170.91843574 -42.72547071
170.92555421 -42.71877167
170.93267113 -42.71207217
170.93978649 -42.70537221
170.94690029 -42.69867179
170.95401254 -42.69197089
170.96313557 -42.68646936
170.97225698 -42.68096709
170.98137676 -42.67546406
170.99049492 -42.66996028
170.99961145 -42.66445576
171.00872635 -42.65895048
171.01783962 -42.65344445
171.02695127 -42.64793768
171.03606130 -42.64243015
171.04516970 -42.63692188
171.05427649 -42.63141286
171.06338165 -42.62590309
171.07248519 -42.62039258
171.08158712 -42.61488132
171.09068742 -42.60936931
171.09978611 -42.60385655
171.10889944 -42.59866724
171.11801125 -42.59347715
171.12712153 -42.58828632
171.13623030 -42.58309474
171.14533754 -42.57790241
171.15444325 -42.57270934
171.16354745 -42.56751552
171.17265012 -42.56232096
171.18175127 -42.55712565
171.19085090 -42.55192959
171.19994900 -42.54673279
171.20904558 -42.54153523
171.21814065 -42.53633692
171.22676102 -42.53057593
171.23537980 -42.52481428
171.24399698 -42.51905195
171.25261257 -42.51328896
171.26122656 -42.50752529
171.26983896 -42.50176096
171.27844976 -42.49599595
171.28705898 -42.49023028
171.29727534 -42.48546084
171.30749015 -42.48069047
171.31770340 -42.47591917
171.32791509 -42.47114693
171.33812523 -42.46637376
171.34833381 -42.46159966
171.35854083 -42.45682462
171.36874629 -42.45204866
171.37895020 -42.44727176
171.38919894 -42.44277251
171.39944621 -42.43827232
171.40969202 -42.43377125
171.41993635 -42.42926924
171.43017922 -42.42476629
171.44042061 -42.42026240
171.45066053 -42.41575758
171.46089898 -42.41125182
171.47063463 -42.40752448
171.48036914 -42.40379629
171.49010248 -42.40006726
171.49983467 -42.39633738
171.50956571 -42.39260667
171.51929559 -42.38887511
171.52902431 -42.38514271
171.53875188 -42.38140947
171.54847830 -42.37767538
171.55820356 -42.37394045
171.56856525 -42.37041919
171.57892577 -42.36689697
171.58928514 -42.36337380
171.59964336 -42.35984967
171.61000041 -42.35632459
171.62035629 -42.35279856
171.63071103 -42.34927157
171.64106460 -42.34574363
171.65141702 -42.34221473
171.66197547 -42.33900495
171.67253284 -42.33579418
171.68308915 -42.33258242
171.69364438 -42.32936967
171.70419854 -42.32615594
171.71475161 -42.32294122
171.72530361 -42.31972551
171.73585454 -42.31650881
171.74640440 -42.31329112
171.75717189 -42.31136802
171.76793874 -42.30944389
171.77870494 -42.30751874
171.78947049 -42.30559257
171.80023540 -42.30366537
171.81099965 -42.30173714
171.82176326 -42.29980789
171.83193584 -42.29832130
171.84210794 -42.29683379
171.85227958 -42.29534538
171.86245075 -42.29385604
171.87262144 -42.29236580
171.88279166 -42.29087464
171.89339660 -42.28990694
171.90400122 -42.28893824
171.91460553 -42.28796856
171.92520952 -42.28699789
171.93581320 -42.28602623
171.94641656 -42.28505358
171.95701960 -42.28407994
171.96762233 -42.28310531
171.97876517 -42.28177725
171.98990755 -42.28044810
172.00104948 -42.27911786
172.01219094 -42.27778653
172.02333195 -42.27645411
172.03447249 -42.27512059
172.04561257 -42.27378598
172.05675219 -42.27245028
172.06789135 -42.27111349
172.07868797 -42.26977281
172.08948415 -42.26843111
172.10027987 -42.26708838
172.11107511 -42.26574462
172.12186991 -42.26439984
172.13266425 -42.26305403
172.14345814 -42.26170719
172.15425159 -42.26035934
172.16504457 -42.25901045
172.17583711 -42.25766055
172.18739171 -42.25685109
172.19894603 -42.25604047
172.21050002 -42.25522866
172.22205372 -42.25441568
172.23360713 -42.25360154
172.24516025 -42.25278622
172.25671308 -42.25196973
172.26826562 -42.25115207
172.27934111 -42.24997287
172.29041620 -42.24879259
172.30149087 -42.24761124
172.31256515 -42.24642881
172.32363901 -42.24524531
172.33471247 -42.24406073
172.34578553 -42.24287508
172.35685817 -42.24168835
172.36861385 -42.24159619
172.38036951 -42.24150283
172.39212514 -42.24140825
172.40388074 -42.24131246
172.41563629 -42.24121545
172.42739181 -42.24111722
172.43914731 -42.24101779
172.45090278 -42.24091715
172.46265821 -42.24081529
172.47449400 -42.24092639
172.48632984 -42.24103626
172.49816573 -42.24114491
172.51000166 -42.24125233
172.52183764 -42.24135853
172.53367365 -42.24146350
172.54550971 -42.24156726
172.55734582 -42.24166979
172.56918197 -42.24177110
172.58101816 -42.24187119
172.59285440 -42.24197004
172.60469068 -42.24206768
172.61652703 -42.24216408
172.62782740 -42.24220250
172.63912775 -42.24223979
172.65042792 -42.24227594
172.66172811 -42.24231097
172.67302831 -42.24234489
172.68432853 -42.24237770
172.69562876 -42.24240939
172.70692902 -42.24243997
172.71822928 -42.24246943
172.72952955 -42.24249778
172.74110701 -42.24414984
172.75268510 -42.24580073
172.76426387 -42.24745047
172.77584325 -42.24909904
172.78742324 -42.25074645
172.79900382 -42.25239269
172.81058498 -42.25403775
172.82216674 -42.25568164
172.83374909 -42.25732436
172.84533204 -42.25896592
172.85691559 -42.26060631
172.86853850 -42.26122625
172.88016163 -42.26184501
172.89178499 -42.26246259
172.90340856 -42.26307899
172.91503233 -42.26369417
172.92665631 -42.26430818
172.93828052 -42.26492101
172.94990495 -42.26553268
172.96152959 -42.26614317
172.97315446 -42.26675248
172.98477955 -42.26736063
172.99640487 -42.26796761
173.00843141 -42.26722419
173.02045768 -42.26647951
173.03248368 -42.26573357
173.04450940 -42.26498638
173.05653484 -42.26423792
173.06855999 -42.26348820
173.08058485 -42.26273722
173.09260942 -42.26198498
173.10463368 -42.26123149
173.11665761 -42.26047676
173.12868124 -42.25972077
173.14070457 -42.25896352
173.15158123 -42.25767469
173.16245744 -42.25638483
173.17333318 -42.25509394
173.18420847 -42.25380203
173.19508328 -42.25250909
173.20595763 -42.25121514
173.21683153 -42.24992017
173.22650847 -42.24566952
173.23618412 -42.24141806
173.24585846 -42.23716578
173.25553147 -42.23291269
173.26520316 -42.22865877
173.27487353 -42.22440405
173.28454255 -42.22014851
173.29421027 -42.21589216
173.30387665 -42.21163500
173.31354169 -42.20737701
173.32320541 -42.20311821
173.33303046 -42.19791003
173.34285387 -42.19270100
173.35267564 -42.18749114
173.36249579 -42.18228044
173.37231430 -42.17706890
173.38213118 -42.17185654
173.39194642 -42.16664334
173.40176002 -42.16142932
173.41157195 -42.15621444
173.42138223 -42.15099875
173.43119805 -42.14685417
173.44101259 -42.14270879
173.45082603 -42.13856257
173.46063824 -42.13441553
173.47044903 -42.13026766
173.48025850 -42.12611899
173.49006664 -42.12196950
173.49987349 -42.11781919
173.50967905 -42.11366808
173.51948334 -42.10951617
173.53000458 -42.10518161
173.54052440 -42.10084614
173.55104277 -42.09650977
173.56155970 -42.09217249
173.57207523 -42.08783433
173.58258938 -42.08349528
173.59409282 -42.08262169
173.60559599 -42.08174707
173.61709891 -42.08087143
173.62860154 -42.07999479
173.64010387 -42.07911714
173.65160594 -42.07823852
173.66310771 -42.07735891
173.67385323 -42.07758518
173.68459885 -42.07781056
173.69534460 -42.07803505
173.70609048 -42.07825861
173.71683651 -42.07848119
173.72456397 -42.08329497
173.73229259 -42.08810820
173.74002226 -42.09292085
173.74775289 -42.09773287
173.75548421 -42.10254418
173.75610261 -42.11111775
173.75676546 -42.11968322
173.75738042 -42.12825892
173.75799489 -42.13683602
173.75860592 -42.14541375
173.75926845 -42.15395971
173.75993044 -42.16250254
173.76054648 -42.17107577
173.76116371 -42.17964870
173.76178191 -42.18822131
173.76240091 -42.19679376
173.75633213 -42.20426397
173.75026208 -42.21173408
173.74419079 -42.21920409
173.73811835 -42.22667402
173.73204483 -42.23414387
173.72538783 -42.24109303
173.71872999 -42.24804210
173.71207146 -42.25499107
173.70541229 -42.26193990
173.69875255 -42.26888843
173.69209201 -42.27583675
173.68372906 -42.28106723
173.67536415 -42.28629701
173.66699775 -42.29152628
173.65862929 -42.29675475
173.65026019 -42.30198241
173.64189987 -42.30720517
173.63353139 -42.31243089
173.62515504 -42.31765693
173.61449339 -42.32168478
173.60383082 -42.32571173
173.59316745 -42.32973732
173.58250329 -42.33376202
173.57183779 -42.33778587
173.56117063 -42.34180836
173.55050228 -42.34582975
173.53983292 -42.34985042
173.52915988 -42.35387213
173.51867660 -42.35716824
173.50819219 -42.36046316
173.49770677 -42.36375704
173.48722021 -42.36704982
173.47673249 -42.37034139
173.46624340 -42.37363156
173.45575344 -42.37692073
173.44526240 -42.38020989
173.43476939 -42.38349779
173.42427520 -42.38678379
173.41378075 -42.39006905
173.40320095 -42.39385689
173.39261965 -42.39764392
173.38203695 -42.40142993
173.37145281 -42.40521497
173.36086728 -42.40899907
173.35028036 -42.41278230
173.33969212 -42.41656464
173.32910258 -42.42034609
173.31947771 -42.42442180
173.30985147 -42.42849665
173.30022391 -42.43257087
173.29059491 -42.43664437
173.28096461 -42.44071732
173.27133300 -42.44478998
173.26292718 -42.45097876
173.25452054 -42.45716668
173.24611262 -42.46335439
173.23770379 -42.46954057
173.22929358 -42.47572562
173.22088190 -42.48190962
173.21246843 -42.48809251
173.20405296 -42.49427441
173.19563577 -42.50045551
173.18721668 -42.50663594
173.17879554 -42.51281573
173.17037243 -42.51899486
173.16194725 -42.52517338
173.15352009 -42.53135154
173.14509119 -42.53752938
173.13666066 -42.54370695
173.12822857 -42.54988418
173.11979494 -42.55606092
173.11135955 -42.56223699
173.10379532 -42.56831754
173.09622886 -42.57439753
173.08866020 -42.58047707
173.08108965 -42.58655616
173.07351752 -42.59263467
173.06594382 -42.59871239
173.05836877 -42.60478953
173.05079304 -42.61086608
173.04321677 -42.61694165
173.03564013 -42.62301725
173.02806556 -42.62909228
173.02052355 -42.63515398
173.01239108 -42.64087457
173.00426043 -42.64659225
172.99612827 -42.65230878
172.98799459 -42.65802449
172.97985935 -42.66373943
172.97172257 -42.66945363
172.96358426 -42.67516710
172.95544440 -42.68087977
172.94730309 -42.68659178
172.93916027 -42.69230332
172.93043419 -42.69825255
172.92170662 -42.70420103
172.91297745 -42.71014883
172.90424666 -42.71609595
172.89551424 -42.72204237
172.88678016 -42.72798815
172.87804444 -42.73393327
172.86930705 -42.73987774
172.86056798 -42.74582154
172.85182730 -42.75176464
172.84308493 -42.75770709
172.83434095 -42.76364886
172.82443441 -42.76863533
172.81452631 -42.77362091
172.80461663 -42.77860563
172.79470536 -42.78358945
172.78479247 -42.78857241
172.77487795 -42.79355455
172.76496182 -42.79853587
172.75504415 -42.80351634
172.74512490 -42.80849594
172.73520407 -42.81347468
172.72464897 -42.81732809
172.71409255 -42.82118053
172.70353483 -42.82503200
172.69297580 -42.82888249
172.68241547 -42.83273201
172.67185384 -42.83658056
172.66129088 -42.84042814
172.65097890 -42.84382638
172.64066578 -42.84722369
172.63035154 -42.85062007
172.62003616 -42.85401552
172.60971965 -42.85741005
172.59940201 -42.86080365
172.58908327 -42.86419633
172.57876339 -42.86758807
172.56844239 -42.87097888
172.55812026 -42.87436877
172.54753928 -42.87881833
172.53695678 -42.88326691
172.52637277 -42.88771451
172.51578724 -42.89216114
172.50520019 -42.89660679
172.49461158 -42.90105144
172.48402141 -42.90549510
172.47255170 -42.90798282
172.46108107 -42.91046939
172.44960953 -42.91295482
172.43813706 -42.91543910
172.42666367 -42.91792224
172.41518936 -42.92040422
172.40371412 -42.92288506
172.39223797 -42.92536472
172.38076091 -42.92784323
172.37051844 -42.93100233
172.36027492 -42.93416052
172.35003035 -42.93731778
172.33978473 -42.94047413
172.32953806 -42.94362956
172.31929034 -42.94678407
172.30904158 -42.94993767
172.29879176 -42.95309034
172.28685941 -42.95444512
172.27492652 -42.95579864
172.26299311 -42.95715093
172.25105918 -42.95850197
172.23912473 -42.95985177
172.22718975 -42.96120032
172.21525425 -42.96254762
172.20331823 -42.96389369
172.19193977 -42.96595705
172.18056055 -42.96801928
172.16918057 -42.97008037
172.15779983 -42.97214033
172.14641833 -42.97419916
172.13503607 -42.97625686
172.12498079 -42.97944656
172.11492447 -42.98263538
172.10486711 -42.98582331
172.09480870 -42.98901035
172.08474925 -42.99219650
172.07468876 -42.99538177
172.06462723 -42.99856615
172.05420013 -43.00133828
172.04377210 -43.00410945
172.03334313 -43.00687968
172.02291322 -43.00964895
172.01248237 -43.01241727
172.00205058 -43.01518463
171.99161786 -43.01795105
171.98118419 -43.02071650
171.97074959 -43.02348101
171.95901967 -43.02599454
171.94728878 -43.02850686
171.93555694 -43.03101797
171.92382414 -43.03352788
171.91209038 -43.03603659
171.90035566 -43.03854409
171.88938970 -43.04158191
171.87842265 -43.04461867
171.86745451 -43.04765437
171.85648530 -43.05068902
171.84551500 -43.05372261
171.83454362 -43.05675515
171.82357116 -43.05978663
171.81259762 -43.06281706
171.80162299 -43.06584643
171.79064729 -43.06887473
171.78077246 -43.07224329
171.77089655 -43.07561099
171.76101956 -43.07897783
171.75114148 -43.08234382
171.74126232 -43.08570895
171.73138208 -43.08907322
171.72094567 -43.09275297
171.71050800 -43.09643177
171.70006909 -43.10010961
171.68962891 -43.10378648
171.67918748 -43.10746240
171.66874479 -43.11113735
171.65830086 -43.11481135
171.64785567 -43.11848439
171.63642926 -43.12053190
171.62500208 -43.12257826
171.61357414 -43.12462348
171.60214545 -43.12666755
171.59071598 -43.12871048
171.57928575 -43.13075226
171.56785476 -43.13279290
171.55642301 -43.13483238
171.54499051 -43.13687072
171.53447138 -43.13954355
171.52395133 -43.14221540
171.51343037 -43.14488627
171.50290850 -43.14755618
171.49238571 -43.15022510
171.48186200 -43.15289306
171.47133738 -43.15556004
171.45962214 -43.15778461
171.44790605 -43.16000797
171.43618912 -43.16223013
171.42447134 -43.16445108
171.41275271 -43.16667082
171.40103323 -43.16888935
171.38931302 -43.17110671
171.37759197 -43.17332286
171.36587007 -43.17553780
171.35428222 -43.17732036
171.34269370 -43.17910173
171.33110451 -43.18088192
171.31951464 -43.18266093
171.30792410 -43.18443875
171.29633288 -43.18621540
171.28474099 -43.18799086
171.27314842 -43.18976513
171.26155518 -43.19153822
171.24996127 -43.19331013
171.23836668 -43.19508085
171.22637011 -43.19614573
171.21437313 -43.19720934
171.20237573 -43.19827168
171.19037814 -43.19933272
171.17838018 -43.20039249
171.16638181 -43.20145099
171.15438303 -43.20250823
171.14238383 -43.20356419
171.13038423 -43.20461889
171.11838421 -43.20567231
171.10715406 -43.20682659
171.09592355 -43.20797975
171.08469272 -43.20913178
171.07346147 -43.21028271
171.06222980 -43.21143252
171.05099770 -43.21258122
171.03976518 -43.21372881
171.02853225 -43.21487528
171.01729889 -43.21602064
171.00606510 -43.21716489
170.99483089 -43.21830802
170.98359623 -43.21945002
170.97184106 -43.22031365
170.96008556 -43.22117606
170.94832974 -43.22203725
170.93657359 -43.22289722
170.92481711 -43.22375598
170.91306031 -43.22461351
170.90130318 -43.22546982
170.88954556 -43.22632470
170.87778760 -43.22717832
170.86602933 -43.22803073
170.85474654 -43.22924823
170.84346331 -43.23046462
170.83217965 -43.23167987
170.82089555 -43.23289400
170.80961103 -43.23410700
170.79832607 -43.23531888
170.78704070 -43.23652962
170.77575489 -43.23773924
170.76446866 -43.23894773
170.75318199 -43.24015509
170.74152867 -43.24284851
170.72987434 -43.24554073
170.71821901 -43.24823175
170.70656267 -43.25092155
170.69490531 -43.25361023
170.68324691 -43.25629779
170.67158751 -43.25898414
170.65992708 -43.26166929
170.64826565 -43.26435323
170.63660320 -43.26703595
170.62493973 -43.26971747
170.61379291 -43.27221459
170.60264520 -43.27471060
170.59149652 -43.27720559
170.58034693 -43.27969950
170.56919642 -43.28219230
170.55804501 -43.28468400
170.54689270 -43.28717459
170.53573948 -43.28966407
170.52458535 -43.29215245
170.51294759 -43.29366481
170.50130926 -43.29517598
170.48967037 -43.29668596
170.47803092 -43.29819474
170.46639086 -43.29970236
170.45475023 -43.30120878
170.44310904 -43.30271399
170.43167179 -43.30529227
170.42023358 -43.30786937
170.40879441 -43.31044531
170.39735426 -43.31302012
170.38591307 -43.31559385
166.33591661 -46.68711209
166.33953047 -46.67863796
166.34314318 -46.67016367
166.34675474 -46.66168923
166.35036514 -46.65321464
166.35397439 -46.64473991
166.35758249 -46.63626502
166.36118944 -46.62778998
166.36479524 -46.61931479
166.36839990 -46.61083945
166.37200340 -46.60236397
166.37560575 -46.59388832
166.37920695 -46.58541253
166.38280701 -46.57693658
166.38530136 -46.56901828
166.38779496 -46.56109989
166.39028781 -46.55318142
166.39277991 -46.54526287
166.39527127 -46.53734424
166.39776188 -46.52942553
166.40025175 -46.52150673
166.40274087 -46.51358785
166.40522924 -46.50566890
166.40771688 -46.49774986
166.41059812 -46.48928305
166.41347845 -46.48081614
166.41635786 -46.47234912
166.41923636 -46.46388200
166.42211394 -46.45541478
166.42499060 -46.44694745
166.42786635 -46.43848002
166.43074118 -46.43001249
166.43361511 -46.42154485
166.43648811 -46.41307711
166.43936021 -46.40460927
166.44276993 -46.39634325
166.44617860 -46.38807710
166.44958621 -46.37981082
166.45299278 -46.37154440
166.45639830 -46.36327786
166.45980277 -46.35501118
166.46320619 -46.34674437
166.46660857 -46.33847743
166.47000991 -46.33021035
166.47341020 -46.32194315
166.47680945 -46.31367582
166.48020766 -46.30540836
166.48360482 -46.29714076
166.48700096 -46.28887303
166.49039606 -46.28060516
166.49379012 -46.27233716
166.49718315 -46.26406904
166.50057513 -46.25580078
166.50471008 -46.24748947
166.50884378 -46.23917798
166.51297620 -46.23086631
166.51710737 -46.22255446
166.52123727 -46.21424243
166.52536591 -46.20593022
166.52949329 -46.19761783
166.53361943 -46.18930525
166.53774431 -46.18099249
166.54186794 -46.17267955
166.54599030 -46.16436644
166.55011141 -46.15605314
166.55423127 -46.14773967
166.55860030 -46.14009157
166.56296812 -46.13244329
166.56733472 -46.12479481
166.57170009 -46.11714613
166.57606425 -46.10949727
166.58042719 -46.10184821
166.58478894 -46.09419895
166.58859490 -46.08727324
166.59239991 -46.08034739
166.59620395 -46.07342139
166.60000704 -46.06649524
166.60380918 -46.05956894
166.60946052 -46.05207682
166.61390161 -46.04436191
166.61834145 -46.03664681
166.62278005 -46.02893151
166.62721739 -46.02121602
166.63165350 -46.01350032
166.63608835 -46.00578443
166.64052197 -45.99806835
166.64495435 -45.99035206
166.64938549 -45.98263558
166.65268073 -45.97425410
166.65597495 -45.96587251
166.65926817 -45.95749080
166.66436046 -45.94969263
166.66945131 -45.94189421
166.67454073 -45.93409554
166.67962870 -45.92629662
166.68471525 -45.91849744
166.68980036 -45.91069802
166.69488403 -45.90289834
166.69996627 -45.89509842
166.70504709 -45.88729824
166.71012647 -45.87949781
166.71520441 -45.87169713
166.72028092 -45.86389620
166.72535600 -45.85609503
166.73042965 -45.84829360
166.73550186 -45.84049193
166.74057264 -45.83269001
166.74562762 -45.82530415
166.75068125 -45.81791804
166.75573353 -45.81053169
166.76078447 -45.80314510
166.76583404 -45.79575826
166.77088224 -45.78837117
166.77592910 -45.78098384
166.78097462 -45.77359626
166.78601879 -45.76620844
166.79018146 -45.75865476
166.79434299 -45.75110090
166.79932370 -45.74407333
166.80430315 -45.73704552
166.80928133 -45.73001749
166.81425826 -45.72298921
166.81863365 -45.71602130
166.82300794 -45.70905320
166.83121193 -45.70243676
166.83941394 -45.69581971
166.84761396 -45.68920203
166.85581205 -45.68258375
166.86400821 -45.67596485
166.87222955 -45.66998915
166.88044914 -45.66401283
166.88866698 -45.65803591
166.89688307 -45.65205838
166.90509742 -45.64608024
166.91331002 -45.64010149
166.92152087 -45.63412214
166.92353183 -45.63224685
166.93089823 -45.62643277
166.93826310 -45.62061820
166.94562645 -45.61480313
166.95298827 -45.60898758
166.96034858 -45.60317154
166.96770735 -45.59735500
166.97506460 -45.59153798
166.98329380 -45.58558436
166.99152126 -45.57963013
166.99974699 -45.57367529
167.00797099 -45.56771986
167.01619325 -45.56176381
167.02441378 -45.55580715
167.03263256 -45.54984989
167.04084961 -45.54389201
167.04906492 -45.53793353
167.05727849 -45.53197444
167.06549033 -45.52601475
167.07455637 -45.52016426
167.08362053 -45.51431303
167.09268281 -45.50846107
167.10174322 -45.50260837
167.11080174 -45.49675493
167.11985839 -45.49090075
167.12891316 -45.48504584
167.13796605 -45.47919020
167.14701705 -45.47333382
167.15606618 -45.46747671
167.16365394 -45.46169282
167.17124014 -45.45590841
167.17882478 -45.45012349
167.18640786 -45.44433804
167.19398939 -45.43855208
167.20156937 -45.43276560
167.21065914 -45.42665617
167.21974694 -45.42054600
167.22883278 -45.41443509
167.23791664 -45.40832344
167.24699855 -45.40221106
167.25607851 -45.39609792
167.26515652 -45.38998403
167.27423256 -45.38386940
167.28330665 -45.37775403
167.29237877 -45.37163792
167.30144894 -45.36552108
167.31051717 -45.35940350
167.31916323 -45.35358585
167.32780752 -45.34776753
167.33645003 -45.34194855
167.34509076 -45.33612891
167.35372972 -45.33030859
167.36236689 -45.32448762
167.37100229 -45.31866597
167.37963592 -45.31284367
167.38826777 -45.30702070
167.39689785 -45.30119706
167.40552616 -45.29537275
167.41415271 -45.28954778
167.42277749 -45.28372213
167.43101663 -45.27715840
167.43925387 -45.27059406
167.44748919 -45.26402911
167.45572261 -45.25746355
167.46395412 -45.25089739
167.47218373 -45.24433062
167.48041143 -45.23776324
167.48863723 -45.23119525
167.49686112 -45.22462666
167.50508311 -45.21805747
167.51330320 -45.21148769
167.52152139 -45.20491730
167.52950689 -45.19835348
167.53749053 -45.19178905
167.54547232 -45.18522404
167.55345227 -45.17865847
167.56143038 -45.17209232
167.56940664 -45.16552560
167.57738106 -45.15895832
167.58535365 -45.15239046
167.59332439 -45.14582203
167.60129329 -45.13925303
167.60926035 -45.13268348
167.61956363 -45.12784070
167.62986517 -45.12299699
167.64016496 -45.11815233
167.65046301 -45.11330672
167.66075931 -45.10846018
167.67105386 -45.10361269
167.68134668 -45.09876426
167.69163774 -45.09391488
167.70192705 -45.08906455
167.71221460 -45.08421327
167.72250041 -45.07936105
167.73278448 -45.07450789
167.74306680 -45.06965379
167.75350203 -45.06595281
167.76393592 -45.06225085
167.77436846 -45.05854794
167.78479965 -45.05484405
167.79522950 -45.05113920
167.80565794 -45.04743337
167.81608497 -45.04372656
167.82651065 -45.04001878
167.83693499 -45.03631004
167.84735797 -45.03260034
167.85777961 -45.02888967
167.86819990 -45.02517804
167.87865215 -45.02108739
167.88910292 -45.01699577
167.89955219 -45.01290319
167.90999996 -45.00880963
167.92044625 -45.00471510
167.93089104 -45.00061960
167.94133434 -44.99652312
167.95177614 -44.99242567
167.96221646 -44.98832725
167.97265528 -44.98422787
167.98309262 -44.98012752
167.99211805 -44.97466392
168.00114176 -44.96919960
168.01016375 -44.96373456
168.01918401 -44.95826880
168.02820255 -44.95280231
168.03721938 -44.94733509
168.04623448 -44.94186715
168.05524786 -44.93639849
168.06425952 -44.93092910
168.07326946 -44.92545899
168.08227769 -44.91998816
168.09117460 -44.91400598
168.10006966 -44.90802309
168.10896284 -44.90203949
168.11785417 -44.89605519
168.12674367 -44.89007018
168.13563131 -44.88408447
168.14451709 -44.87809805
168.15340102 -44.87211092
168.16228310 -44.86612309
168.17116332 -44.86013456
168.18004168 -44.85414532
168.18891819 -44.84815537
168.19706541 -44.84149842
168.20521074 -44.83484087
168.21335417 -44.82818272
168.22149571 -44.82152398
168.22963536 -44.81486465
168.23777313 -44.80820473
168.24590900 -44.80154421
168.25404299 -44.79488309
168.26217510 -44.78822139
168.27030532 -44.78155908
168.27843366 -44.77489619
168.28656011 -44.76823271
168.29468467 -44.76156863
168.30280734 -44.75490397
168.31092811 -44.74823872
168.31917708 -44.74152287
168.32742413 -44.73480641
168.33566925 -44.72808933
168.34391245 -44.72137165
168.35215372 -44.71465337
168.36039306 -44.70793447
168.36863048 -44.70121497
168.37686600 -44.69449485
168.38509962 -44.68777411
168.39333131 -44.68105276
168.40156107 -44.67433080
168.40978891 -44.66760825
168.41801482 -44.66088508
168.42623880 -44.65416132
168.43446087 -44.64743694
168.44268102 -44.64071196
168.45089925 -44.63398637
168.45911556 -44.62726018
168.46732996 -44.62053338
168.47554243 -44.61380598
168.48375299 -44.60707798
168.49196164 -44.60034937
168.50016839 -44.59362014
168.50788041 -44.58676739
168.51559060 -44.57991410
168.52329896 -44.57306027
168.53100548 -44.56620592
168.53871018 -44.55935103
168.54641305 -44.55249561
168.55411409 -44.54563965
168.56181330 -44.53878316
168.56951069 -44.53192614
168.57720624 -44.52506859
168.58489998 -44.51821051
168.59259188 -44.51135189
168.60028196 -44.50449274
168.60837024 -44.49815933
168.61645679 -44.49182531
168.62454156 -44.48549070
168.63262457 -44.47915550
168.64070581 -44.47281972
168.64878528 -44.46648336
168.65686298 -44.46014640
168.66493891 -44.45380887
168.67301308 -44.44747074
168.68108548 -44.44113204
168.68915612 -44.43479275
168.69722499 -44.42845287
168.70529210 -44.42211241
168.71335744 -44.41577137
168.72074280 -44.40873458
168.72812636 -44.40169731
168.73550816 -44.39465953
168.74288820 -44.38762126
168.75026644 -44.38058250
168.75764288 -44.37354325
168.76501754 -44.36650351
168.77239041 -44.35946328
168.77976148 -44.35242257
168.78713077 -44.34538136
168.79449826 -44.33833966
168.80186397 -44.33129748
168.80922787 -44.32425481
168.81658999 -44.31721166
168.82395032 -44.31016802
168.83080634 -44.30283108
168.83766064 -44.29549372
168.84451322 -44.28815593
168.85136407 -44.28081772
168.85821318 -44.27347908
168.86506056 -44.26614002
168.87190620 -44.25880053
168.87875012 -44.25146063
168.88559230 -44.24412030
168.89243275 -44.23677954
168.89927147 -44.22943837
168.90701700 -44.22244917
168.91476068 -44.21545942
168.92250250 -44.20846914
168.93024247 -44.20147832
168.93798061 -44.19448699
168.94571692 -44.18749514
168.95345137 -44.18050275
168.96118397 -44.17350983
168.96891471 -44.16651636
168.97664360 -44.15952236
168.98437064 -44.15252782
168.99209583 -44.14553274
168.99981916 -44.13853712
169.00754066 -44.13154096
169.01526031 -44.12454426
169.02297811 -44.11754702
169.03069406 -44.11054925
169.03840817 -44.10355094
169.04612043 -44.09655209
169.05383083 -44.08955271
169.06153939 -44.08255279
169.07057775 -44.07684676
169.07961436 -44.07114000
169.08864921 -44.06543250
169.09768230 -44.05972427
169.10671360 -44.05401531
169.11574314 -44.04830563
169.12477093 -44.04259521
169.13379696 -44.03688406
169.14282124 -44.03117218
169.15184376 -44.02545957
169.16086453 -44.01974622
169.16988355 -44.01403215
169.17890081 -44.00831734
169.18791633 -44.00260180
169.19693009 -43.99688553
169.20594209 -43.99116855
169.21495235 -43.98545083
169.22396085 -43.97973239
169.23296761 -43.97401321
169.24197261 -43.96829330
169.25097588 -43.96257265
169.26062281 -43.95703748
169.27026794 -43.95150147
169.27991125 -43.94596463
169.28955276 -43.94042694
169.29919247 -43.93488842
169.30883036 -43.92934906
169.31846645 -43.92380886
169.32810074 -43.91826783
169.33773322 -43.91272596
169.34736390 -43.90718325
169.35699277 -43.90163971
169.36661983 -43.89609533
169.37624505 -43.89055013
169.38586848 -43.88500410
169.39549010 -43.87945723
169.40510994 -43.87390956
169.41472801 -43.86836109
169.42434428 -43.86281178
169.43395874 -43.85726163
169.44357141 -43.85171065
169.45318227 -43.84615883
169.46279133 -43.84060617
169.47179668 -43.83530337
169.48080043 -43.82999983
169.48980256 -43.82469555
169.49880308 -43.81939055
169.50780199 -43.81408481
169.51679929 -43.80877833
169.52579498 -43.80347112
169.53478906 -43.79816318
169.54378147 -43.79285450
169.55158196 -43.78593989
169.55938063 -43.77902471
169.56717747 -43.77210898
169.57497249 -43.76519269
169.58276568 -43.75827584
169.59055705 -43.75135843
169.59834659 -43.74444046
169.60749662 -43.73958826
169.61664513 -43.73473529
169.62579217 -43.72988156
169.63493774 -43.72502707
169.64408183 -43.72017182
169.65322444 -43.71531580
169.66236558 -43.71045903
169.67150525 -43.70560149
169.68064345 -43.70074320
169.68978011 -43.69588421
169.69185609 -43.68800022
169.69393152 -43.68011619
169.69600638 -43.67223211
169.70423228 -43.66628825
169.71245652 -43.66034377
169.72067913 -43.65439868
169.72890010 -43.64845298
169.73711944 -43.64250667
169.74533714 -43.63655974
169.75355321 -43.63061221
169.76176765 -43.62466406
169.77009477 -43.61849512
169.77842017 -43.61232555
169.78674386 -43.60615535
169.79506583 -43.59998453
169.80419631 -43.59785730
169.81332614 -43.59572934
169.80585472 -43.59234311
169.79838416 -43.58895640
169.79091445 -43.58556919
169.77887998 -43.58582606
169.76684541 -43.58608164
169.75481076 -43.58633593
169.74387789 -43.58642178
169.73294500 -43.58650657
169.72201209 -43.58659030
169.71107917 -43.58667297
169.70014623 -43.58675457
169.68921325 -43.58683510
169.67889392 -43.58817368
169.66857415 -43.58951132
169.65825392 -43.59084801
169.64793325 -43.59218375
169.63854389 -43.59518447
169.62915359 -43.59818441
169.61976234 -43.60118358
169.61037015 -43.60418196
169.59953445 -43.60731531
169.58869758 -43.61044760
169.57785957 -43.61357883
169.56702044 -43.61670902
169.55618018 -43.61983815
169.54536184 -43.62256474
169.53454251 -43.62529028
169.52372221 -43.62801477
169.51290093 -43.63073822
169.50207867 -43.63346062
169.49125542 -43.63618197
169.48043119 -43.63890227
169.46960598 -43.64162152
169.45814364 -43.64469239
169.44668013 -43.64776207
169.43521545 -43.65083058
169.42374961 -43.65389792
169.41304219 -43.65607761
169.40233401 -43.65825627
169.39162503 -43.66043386
169.38091527 -43.66261041
169.37020474 -43.66478593
169.35949344 -43.66696043
169.34878137 -43.66913390
169.33806853 -43.67130634
169.32735493 -43.67347776
169.31536503 -43.67487863
169.30337459 -43.67627822
169.29347636 -43.68035163
169.28357677 -43.68442416
169.27367582 -43.68849581
169.26377353 -43.69256658
169.25386988 -43.69663647
169.24396487 -43.70070547
169.23405848 -43.70477360
169.22415075 -43.70884084
169.21310849 -43.71273123
169.20206479 -43.71662053
169.19101965 -43.72050873
169.17997309 -43.72439584
169.16892508 -43.72828186
169.15787565 -43.73216678
169.14682477 -43.73605060
169.13603614 -43.74021469
169.12524600 -43.74437774
169.11445436 -43.74853974
169.10366121 -43.75270069
169.09286656 -43.75686060
169.08222244 -43.75995196
169.07157722 -43.76304231
169.06093091 -43.76613163
169.05028350 -43.76921995
169.03963499 -43.77230724
169.02898538 -43.77539352
169.01833468 -43.77847879
169.00768287 -43.78156303
168.99702997 -43.78464627
168.98637597 -43.78772848
168.97609985 -43.79220873
168.96582219 -43.79668803
168.95554293 -43.80116637
168.94526210 -43.80564375
168.93497971 -43.81012017
168.92469576 -43.81459564
168.91441027 -43.81907016
168.90412323 -43.82354372
168.89305930 -43.82731786
168.88199394 -43.83109087
168.87092717 -43.83486279
168.85985901 -43.83863360
168.84878944 -43.84240331
168.83771848 -43.84617193
168.82664611 -43.84993944
168.81557234 -43.85370585
168.80507855 -43.85652398
168.79458376 -43.85934112
168.78408799 -43.86215727
168.77359123 -43.86497244
168.76309348 -43.86778661
168.75259474 -43.87059980
168.74209501 -43.87341199
168.73159429 -43.87622320
168.72068344 -43.87899323
168.70977158 -43.88176219
168.69885871 -43.88453008
168.68794476 -43.88729691
168.67702981 -43.89006266
168.66611384 -43.89282735
168.65516799 -43.89598726
168.64422097 -43.89914610
168.63327279 -43.90230385
168.62232345 -43.90546053
168.61137295 -43.90861614
168.60042129 -43.91177066
168.58946836 -43.91492412
168.57851427 -43.91807650
168.56755900 -43.92122781
168.55675173 -43.92395805
168.54594346 -43.92668724
168.53513420 -43.92941539
168.52432394 -43.93214249
168.51351269 -43.93486854
168.50270045 -43.93759354
168.49188722 -43.94031749
168.48131650 -43.94371432
168.47074456 -43.94711014
168.46017141 -43.95050497
168.44959704 -43.95389878
168.43902145 -43.95729159
168.42844466 -43.96068340
168.41786664 -43.96407420
168.40728741 -43.96746400
168.39670696 -43.97085279
168.38612528 -43.97424058
168.37568263 -43.97759331
168.36523880 -43.98094506
168.35479377 -43.98429583
168.34434756 -43.98764562
168.33390017 -43.99099443
168.32345158 -43.99434226
168.31300181 -43.99768910
168.30255083 -44.00103497
168.29209866 -44.00437986
168.28119180 -44.00857946
168.27028338 -44.01277798
168.25937341 -44.01697544
168.24846188 -44.02117182
168.23754880 -44.02536714
168.22795067 -44.02940449
168.21835122 -44.03344101
168.20875046 -44.03747671
168.19914837 -44.04151157
168.18954498 -44.04554560
168.17994027 -44.04957880
168.17033424 -44.05361117
168.16072689 -44.05764271
168.15111822 -44.06167342
168.14058716 -44.06573031
168.13005465 -44.06978619
168.11952069 -44.07384108
168.10898527 -44.07789497
168.09844840 -44.08194786
168.08791008 -44.08599974
168.07737031 -44.09005062
168.06682909 -44.09410050
168.05628641 -44.09814939
168.04582284 -44.10233329
168.03535778 -44.10651620
168.02489122 -44.11069813
168.01442317 -44.11487907
168.00395363 -44.11905903
167.99348259 -44.12323800
167.98301007 -44.12741598
167.97253605 -44.13159297
167.96206053 -44.13576898
167.95139381 -44.13947177
167.94072573 -44.14317353
167.93005631 -44.14687427
167.91938555 -44.15057399
167.90871344 -44.15427269
167.89803998 -44.15797036
167.88736517 -44.16166700
167.87668901 -44.16536262
167.86609751 -44.16859723
167.85550483 -44.17183083
167.84491100 -44.17506342
167.83431599 -44.17829500
167.82371982 -44.18152558
167.81312248 -44.18475515
167.80252398 -44.18798370
167.79192431 -44.19121125
167.78132347 -44.19443778
167.77045209 -44.19758469
167.75957955 -44.20073053
167.74870585 -44.20387531
167.73783098 -44.20701903
167.72695494 -44.21016169
167.71607774 -44.21330329
167.70519937 -44.21644382
167.69431983 -44.21958329
167.68343913 -44.22272171
167.67189378 -44.22576179
167.66034723 -44.22880068
167.64879949 -44.23183837
167.63725056 -44.23487486
167.62570044 -44.23791015
167.61414912 -44.24094425
167.60259661 -44.24397714
167.59104287 -44.24700885
167.57948792 -44.25003935
167.56793179 -44.25306866
167.55637447 -44.25609677
167.54481596 -44.25912368
167.53325626 -44.26214938
167.52169537 -44.26517389
167.51013330 -44.26819720
167.49857003 -44.27121931
167.48700554 -44.27424023
176.31758456 -40.22739696
176.30924280 -40.23335898
176.30089961 -40.23932042
176.29255497 -40.24528127
176.28420889 -40.25124153
176.27586137 -40.25720120
176.26751240 -40.26316029
176.25916199 -40.26911878
176.25081013 -40.27507669
176.24245683 -40.28103401
176.23410208 -40.28699074
176.22574589 -40.29294688
176.21738825 -40.29890243
176.20902916 -40.30485741
176.20066862 -40.31081179
176.19230666 -40.31676558
176.18394325 -40.32271879
176.17532547 -40.32884665
176.16670615 -40.33497390
176.15808529 -40.34110051
176.14946289 -40.34722650
176.14083895 -40.35335186
176.13221346 -40.35947659
176.12358643 -40.36560069
176.11495786 -40.37172417
176.10632774 -40.37784701
176.09769608 -40.38396923
176.08906287 -40.39009080
176.08042812 -40.39621175
176.07179181 -40.40233208
176.06315395 -40.40845177
176.05451455 -40.41457083
176.04587359 -40.42068925
176.03723109 -40.42680705
176.02876280 -40.43275132
176.02029304 -40.43869497
176.01182180 -40.44463803
176.00334908 -40.45058047
175.99487488 -40.45652231
175.98639918 -40.46246354
175.97792201 -40.46840416
175.96944335 -40.47434417
175.96096322 -40.48028358
175.95248161 -40.48622237
175.94399852 -40.49216056
175.93551395 -40.49809814
175.92702789 -40.50403513
175.91854034 -40.50997152
175.91005132 -40.51590729
175.90156080 -40.52184246
175.89306879 -40.52777702
175.88457528 -40.53371098
175.87608029 -40.53964432
175.86758381 -40.54557706
175.85908585 -40.55150918
175.85060424 -40.55744026
175.84212115 -40.56337072
175.83363657 -40.56930058
175.82515051 -40.57522982
175.81666296 -40.58115846
175.80817393 -40.58708649
175.79968341 -40.59301391
175.79119142 -40.59894072
175.78269794 -40.60486694
175.77420298 -40.61079254
175.76570654 -40.61671753
175.75720861 -40.62264191
175.74870919 -40.62856568
175.74020829 -40.63448883
175.73170590 -40.64041137
175.72320202 -40.64633329
175.71469666 -40.65225459
175.70618981 -40.65817529
175.69768149 -40.66409535
175.68917174 -40.67001478
175.68066050 -40.67593360
175.67214778 -40.68185179
175.66363356 -40.68776937
175.65511786 -40.69368633
175.64660066 -40.69960267
175.63808196 -40.70551840
175.62956176 -40.71143351
175.62104007 -40.71734800
175.61251688 -40.72326188
175.60399219 -40.72917513
175.59546601 -40.73508776
175.58693833 -40.74099978
175.57840915 -40.74691117
175.56987847 -40.75282195
175.56134630 -40.75873211
175.55282836 -40.76455717
175.54430895 -40.77038161
175.53578807 -40.77620544
175.52726570 -40.78202864
175.51874186 -40.78785123
175.51021654 -40.79367320
175.50168975 -40.79949455
175.49316157 -40.80531536
175.48463192 -40.81113555
175.47610080 -40.81695512
175.46756820 -40.82277407
175.45903412 -40.82859239
175.45049856 -40.83441009
175.44196152 -40.84022718
175.43342301 -40.84604364
175.42488301 -40.85185947
175.41634154 -40.85767469
175.40778774 -40.86359065
175.39923243 -40.86950599
175.39067561 -40.87542070
175.38211728 -40.88133478
175.37355744 -40.88724824
175.36499609 -40.89316108
175.35643323 -40.89907329
175.34786885 -40.90498488
175.33930295 -40.91089584
175.33073554 -40.91680618
175.32216662 -40.92271589
175.31359618 -40.92862497
175.30502424 -40.93453342
175.29645078 -40.94044123
175.28787581 -40.94634840
175.27929933 -40.95225493
175.27072134 -40.95816084
175.26214183 -40.96406611
175.25356081 -40.96997075
175.24497827 -40.97587476
175.23639422 -40.98177814
175.22780866 -40.98768089
175.21922158 -40.99358301
175.21063297 -40.99948449
175.20204284 -41.00538533
175.19345120 -41.01128552
175.18485805 -41.01718508
175.17626338 -41.02308400
