171.07642568 -41.50015264
171.08285036 -41.49281779
171.08927354 -41.48548254
171.09569523 -41.47814691
171.10211542 -41.47081089
171.10853411 -41.46347447
171.11495130 -41.45613767
171.12136700 -41.44880048
171.12778121 -41.44146291
171.13419392 -41.43412494
171.14060514 -41.42678658
171.14701487 -41.41944784
171.15342311 -41.41210871
171.15982986 -41.40476919
171.16623511 -41.39742929
171.17263887 -41.39008899
171.17904114 -41.38274831
171.18544192 -41.37540724
171.19184122 -41.36806578
171.19823903 -41.36072394
171.20463535 -41.35338171
171.21103019 -41.34603909
171.21742355 -41.33869608
171.22381542 -41.33135269
171.23020581 -41.32400891
171.23781365 -41.31768203
171.24541998 -41.31135461
171.25302480 -41.30502664
171.26062812 -41.29869814
171.26822994 -41.29236910
171.27583025 -41.28603952
171.28342906 -41.27970939
171.29102637 -41.27337873
171.29862217 -41.26704753
171.30621648 -41.26071579
171.31380928 -41.25438352
171.32140058 -41.24805070
171.32899038 -41.24171735
171.33657869 -41.23538346
171.34416549 -41.22904903
171.35175080 -41.22271406
171.35933460 -41.21637856
171.36692230 -41.20946111
171.37450836 -41.20254312
171.38209277 -41.19562459
171.38967554 -41.18870552
171.39725668 -41.18178591
171.40483618 -41.17486576
171.41241405 -41.16794507
171.41999029 -41.16102385
171.42756489 -41.15410209
171.43513786 -41.14717978
171.44270919 -41.14025694
171.45027890 -41.13333357
171.45784697 -41.12640965
171.46541341 -41.11948520
171.47297822 -41.11256021
171.48054140 -41.10563468
171.48810295 -41.09870862
171.49566287 -41.09178202
171.50322117 -41.08485489
171.51077783 -41.07792722
171.51981436 -41.07275186
171.52884946 -41.06757576
171.53788312 -41.06239891
171.54691535 -41.05722130
171.55594615 -41.05204295
171.56497552 -41.04686384
171.57400346 -41.04168399
171.58302997 -41.03650338
171.59205506 -41.03132203
171.60107871 -41.02613993
171.61010093 -41.02095708
171.61912172 -41.01577348
171.62814109 -41.01058913
171.63715903 -41.00540404
171.64617554 -41.00021820
171.65519063 -40.99503160
171.66420429 -40.98984426
171.67321652 -40.98465617
171.68145262 -40.97823253
171.68968709 -40.97180826
171.69791994 -40.96538335
171.70615116 -40.95895783
171.71438074 -40.95253168
171.72260870 -40.94610490
171.73083504 -40.93967749
171.73905976 -40.93324946
171.74728285 -40.92682079
171.75550433 -40.92039150
171.76372418 -40.91396157
171.77194241 -40.90753102
171.78015902 -40.90109984
171.78837401 -40.89466803
171.79658738 -40.88823559
171.80479913 -40.88180252
171.81300926 -40.87536882
171.82121778 -40.86893450
171.82942467 -40.86249955
171.83846394 -40.85699395
171.84750169 -40.85148759
171.85653793 -40.84598048
171.86557266 -40.84047262
171.87460588 -40.83496401
171.88363759 -40.82945465
171.89266780 -40.82394454
171.90169649 -40.81843368
171.91072365 -40.81292209
171.91974931 -40.80740975
171.92877345 -40.80189666
171.93779609 -40.79638281
171.94681723 -40.79086821
171.95583686 -40.78535287
171.96485498 -40.77983677
171.97387160 -40.77431992
171.98288672 -40.76880233
171.99190033 -40.76328399
172.00091244 -40.75776491
172.00992303 -40.75224508
172.01958556 -40.74721117
172.02924664 -40.74217641
172.03890625 -40.73714080
172.04856439 -40.73210434
172.05822107 -40.72706702
172.06787629 -40.72202886
172.07753005 -40.71698984
172.08718235 -40.71194997
172.09683318 -40.70690925
172.10648254 -40.70186767
172.11613044 -40.69682524
172.12577691 -40.69178198
172.13542191 -40.68673786
172.14506545 -40.68169290
172.15470754 -40.67664709
172.16434816 -40.67160043
172.17398733 -40.66655293
172.18362504 -40.66150458
172.19326129 -40.65645538
172.20289607 -40.65140534
172.21252936 -40.64635443
172.22216120 -40.64130268
172.23179158 -40.63625009
172.24142050 -40.63119665
172.25104797 -40.62614237
172.26067398 -40.62108725
172.27159429 -40.61796615
172.28251361 -40.61484398
172.29343193 -40.61172075
172.30434925 -40.60859645
172.31526557 -40.60547108
172.32618090 -40.60234465
172.33709522 -40.59921716
172.34800856 -40.59608861
172.35892090 -40.59295899
172.36983225 -40.58982831
172.38074259 -40.58669656
172.39165194 -40.58356376
172.40256028 -40.58042988
172.41346757 -40.57729490
172.42474664 -40.57532100
172.43602508 -40.57334598
172.44730287 -40.57136984
172.45858003 -40.56939257
172.46985655 -40.56741417
172.48113243 -40.56543464
172.49240768 -40.56345399
172.50368228 -40.56147222
172.51495623 -40.55948932
172.52622955 -40.55750529
172.53750223 -40.55552014
172.54877426 -40.55353386
172.56004565 -40.55154647
172.57131641 -40.54955794
172.58258652 -40.54756830
172.59425854 -40.54743298
172.60593064 -40.54729648
172.61760282 -40.54715880
172.62927499 -40.54701994
172.64094715 -40.54687988
172.65261929 -40.54673863
172.66429142 -40.54659619
172.67596353 -40.54645256
172.68763563 -40.54630773
172.69930771 -40.54616172
172.71097992 -40.54601454
172.72265212 -40.54586617
172.73407212 -40.54636630
172.74549233 -40.54686529
172.75691273 -40.54736314
172.76833334 -40.54785986
172.77975416 -40.54835543
172.79117517 -40.54884988
172.80259639 -40.54934318
172.81401781 -40.54983536
172.82543943 -40.55032641
172.83686125 -40.55081631
172.84828327 -40.55130509
172.85970549 -40.55179272
172.87112790 -40.55227922
172.88255051 -40.55276458
172.89397332 -40.55324880
172.90539633 -40.55373191
172.91681955 -40.55421391
172.92824295 -40.55469477
172.93966656 -40.55517449
172.95109035 -40.55565308
172.96251434 -40.55613053
172.97393852 -40.55660685
172.98536288 -40.55708203
172.99678744 -40.55755607
173.00821219 -40.55802898
173.01963713 -40.55850076
173.03039592 -40.56043410
173.04115535 -40.56236644
173.05191543 -40.56429778
173.06267615 -40.56622812
173.07343751 -40.56815745
173.08419952 -40.57008579
173.09496217 -40.57201313
173.10572543 -40.57393945
173.11648930 -40.57586477
173.12725381 -40.57778909
173.13801897 -40.57971240
173.14878476 -40.58163472
173.15955119 -40.58355603
173.17031826 -40.58547634
173.18108598 -40.58739564
173.19255065 -40.58826646
173.20401565 -40.58913614
173.21548096 -40.59000468
173.22694658 -40.59087207
173.23841253 -40.59173832
173.24987880 -40.59260344
173.26134539 -40.59346741
173.27281230 -40.59433024
173.28427952 -40.59519193
173.29574706 -40.59605248
173.30721491 -40.59691189
173.31868306 -40.59777015
173.33015153 -40.59862727
173.34162032 -40.59948325
173.35308942 -40.60033809
173.36455883 -40.60119179
173.37602856 -40.60204435
173.38749859 -40.60289577
173.39859229 -40.60214231
173.40968573 -40.60138777
173.42077894 -40.60063215
173.43187192 -40.59987547
173.44296466 -40.59911771
173.45405717 -40.59835888
173.46514945 -40.59759898
173.47624149 -40.59683802
173.48733329 -40.59607598
173.49842486 -40.59531286
173.50951619 -40.59454868
173.52060728 -40.59378343
173.53169814 -40.59301711
173.54278876 -40.59224971
173.55387913 -40.59148125
173.56464447 -40.58928362
173.57540911 -40.58708498
173.58617305 -40.58488532
173.59693630 -40.58268466
173.60769885 -40.58048297
173.61846070 -40.57828027
173.62922186 -40.57607655
173.63998232 -40.57387182
173.65074208 -40.57166609
173.66150115 -40.56945934
173.67191633 -40.56541144
173.68233026 -40.56136259
173.69274294 -40.55731278
173.70315437 -40.55326203
173.71356455 -40.54921032
173.72397349 -40.54515766
173.73438118 -40.54110405
173.74478762 -40.53704949
173.75519281 -40.53299398
173.76559675 -40.52893753
173.77599945 -40.52488012
173.78640090 -40.52082177
173.79680109 -40.51676247
173.80611130 -40.51205003
173.81542021 -40.50733683
173.82472782 -40.50262287
173.83403412 -40.49790814
173.84333914 -40.49319266
173.85264285 -40.48847642
173.86194526 -40.48375941
173.87124638 -40.47904164
173.88054620 -40.47432312
173.88984471 -40.46960383
173.89842304 -40.46363835
173.90699985 -40.45767222
173.91557515 -40.45170544
173.92414892 -40.44573800
173.93272118 -40.43976992
173.94129193 -40.43380118
173.94986116 -40.42783179
173.95842887 -40.42186175
173.96699507 -40.41589106
173.97555976 -40.40991972
173.98395223 -40.40426200
173.99234329 -40.39860365
174.00073295 -40.39294467
174.00912121 -40.38728508
174.01750806 -40.38162486
174.02589351 -40.37596402
174.03427755 -40.37030255
174.04266020 -40.36464047
174.05034165 -40.35781746
174.05802155 -40.35099393
174.06569990 -40.34416987
174.07337670 -40.33734528
174.08105195 -40.33052017
174.08872566 -40.32369453
174.09639782 -40.31686836
174.10406843 -40.31004166
174.11173749 -40.30321444
174.11829975 -40.29676641
174.12486077 -40.29031800
174.13142054 -40.28386920
174.13797906 -40.27742001
174.14453633 -40.27097045
174.15109236 -40.26452049
174.15764713 -40.25807015
174.16459358 -40.25197396
174.17153878 -40.24587733
174.17848274 -40.23978028
174.18542545 -40.23368279
174.19236691 -40.22758488
174.19930713 -40.22148654
174.20624610 -40.21538776
174.21318383 -40.20928856
174.21924001 -40.20200874
174.22529489 -40.19472859
174.23134848 -40.18744810
174.23740077 -40.18016729
174.24345176 -40.17288614
174.24950145 -40.16560466
174.25554985 -40.15832284
174.26159696 -40.15104069
174.26764277 -40.14375822
174.27368728 -40.13647541
174.27973050 -40.12919227
174.28577243 -40.12190879
174.29181307 -40.11462499
174.29785241 -40.10734085
174.30389046 -40.10005638
174.30992722 -40.09277158
174.31596269 -40.08548646
174.32199688 -40.07820100
174.32802977 -40.07091522
174.33406138 -40.06362910
174.34009170 -40.05634266
174.34612073 -40.04905588
174.35218175 -40.04150064
174.35824143 -40.03394507
174.36429977 -40.02638916
174.37035677 -40.01883292
174.37641244 -40.01127634
174.38246676 -40.00371943
174.38851974 -39.99616219
174.39457141 -39.98860462
174.40062173 -39.98104672
174.40667072 -39.97348849
174.41271837 -39.96592993
174.41876470 -39.95837103
174.42480968 -39.95081180
174.43085334 -39.94325223
174.43689566 -39.93569234
174.44293665 -39.92813211
174.44897630 -39.92057155
174.45501463 -39.91301066
174.46105163 -39.90544944
174.46708730 -39.89788788
174.47312166 -39.89032602
174.47915470 -39.88276382
174.48518642 -39.87520129
174.49121680 -39.86763843
174.49724587 -39.86007524
174.50327357 -39.85251171
174.50929992 -39.84494783
174.51532495 -39.83738363
174.52134864 -39.82981908
174.52737100 -39.82225421
174.53339204 -39.81468901
174.53941175 -39.80712347
174.54496949 -39.79962525
174.55052593 -39.79212671
174.55608114 -39.78462789
174.56163514 -39.77712878
174.56718793 -39.76962939
174.57273951 -39.76212971
174.57828988 -39.75462976
174.58383905 -39.74712952
174.58938701 -39.73962900
174.59493376 -39.73212820
174.60047930 -39.72462711
174.60602362 -39.71712574
174.61156674 -39.70962409
174.61710866 -39.70212215
174.62264933 -39.69461993
174.62818877 -39.68711741
174.63372701 -39.67961461
174.63926405 -39.67211154
174.64479989 -39.66460819
174.65033454 -39.65710456
174.65586798 -39.64960065
174.66140023 -39.64209646
174.66693128 -39.63459199
174.67246114 -39.62708725
174.67854626 -39.62023549
174.68463019 -39.61338341
174.69071291 -39.60653099
174.69679444 -39.59967824
174.70287477 -39.59282516
174.70895389 -39.58597176
174.71503182 -39.57911802
174.72110856 -39.57226396
174.72718409 -39.56540956
174.73325843 -39.55855483
174.73933157 -39.55169978
174.74419455 -39.54389021
174.74905644 -39.53608042
174.75391724 -39.52827041
174.75877695 -39.52046019
174.76363556 -39.51264974
174.76849308 -39.50483908
174.77334951 -39.49702820
174.77820484 -39.48921711
174.78305909 -39.48140580
174.78721500 -39.47307552
174.79136992 -39.46474508
174.79552384 -39.45641448
174.79967677 -39.44808371
174.80382870 -39.43975277
174.80797964 -39.43142167
174.81212958 -39.42309040
174.81627853 -39.41475897
174.82042649 -39.40642737
174.82406154 -39.39792224
174.82769567 -39.38941695
174.83132892 -39.38091153
174.83496127 -39.37240599
174.83859274 -39.36390031
174.84222333 -39.35539450
174.84585302 -39.34688857
174.84835666 -39.33858260
174.85085969 -39.33027656
174.85336213 -39.32197046
174.85586397 -39.31366428
174.85836521 -39.30535804
174.86086586 -39.29705173
174.86336590 -39.28874535
174.86586535 -39.28043890
174.86836420 -39.27213239
174.87029104 -39.26411345
174.87221743 -39.25609446
174.87414338 -39.24807543
174.87606888 -39.24005635
174.87799394 -39.23203723
174.87991856 -39.22401807
174.88184273 -39.21599886
174.88376645 -39.20797961
174.88538016 -39.19984628
174.88699348 -39.19171293
174.88860642 -39.18357954
174.89021898 -39.17544611
174.89183117 -39.16731265
174.89344297 -39.15917915
174.89505440 -39.15104562
174.89666545 -39.14291205
174.89951006 -39.13511526
174.90235403 -39.12731838
174.90519738 -39.11952142
174.90804009 -39.11172437
174.91088218 -39.10392725
174.91372363 -39.09613004
174.91656445 -39.08833274
174.91940464 -39.08053537
174.92287244 -39.07332324
174.92633952 -39.06611099
174.92980589 -39.05889863
174.93327155 -39.05168615
174.93673650 -39.04447356
174.94020075 -39.03726085
174.94378655 -39.02897297
174.94737151 -39.02068496
174.95095563 -39.01239683
174.95453891 -39.00410858
174.95812134 -38.99582019
174.96170295 -38.98753167
174.96528372 -38.97924302
174.96886365 -38.97095425
174.97376700 -38.96304743
174.97866925 -38.95514038
174.98357041 -38.94723311
174.98847048 -38.93932563
174.99336945 -38.93141792
174.99772869 -38.92492637
175.00208713 -38.91843466
175.00644478 -38.91194276
175.01080164 -38.90545069
175.01515769 -38.89895845
175.02105521 -38.89199714
175.02695157 -38.88503552
175.03284677 -38.87807359
175.03874082 -38.87111134
175.04463372 -38.86414879
175.05052547 -38.85718593
175.05512540 -38.84955092
175.05972433 -38.84191573
175.06432228 -38.83428034
175.06891924 -38.82664475
175.07351522 -38.81900897
175.07811021 -38.81137300
175.08270421 -38.80373684
175.08729723 -38.79610047
175.09188928 -38.78846391
175.09829276 -38.78198553
175.10469509 -38.77550680
175.11109625 -38.76902770
175.11749626 -38.76254825
175.12389510 -38.75606843
175.13029278 -38.74958825
175.13668930 -38.74310771
175.14308467 -38.73662681
175.14947887 -38.73014555
175.15780830 -38.72437641
175.16613638 -38.71860667
175.17446312 -38.71283632
175.18278852 -38.70706538
175.19111258 -38.70129382
175.19943530 -38.69552167
175.20775670 -38.68974893
175.21607675 -38.68397558
175.22439547 -38.67820164
175.23271285 -38.67242709
175.24102889 -38.66665194
175.24934359 -38.66087619
175.25765695 -38.65509985
175.26596898 -38.64932290
175.27427967 -38.64354535
175.28258903 -38.63776720
175.29089705 -38.63198846
175.29920373 -38.62620912
175.30750908 -38.62042917
175.31581310 -38.61464863
175.32411578 -38.60886749
175.33241712 -38.60308576
175.33973722 -38.59660465
175.34705599 -38.59012307
175.35437344 -38.58364103
175.36168957 -38.57715852
175.36900439 -38.57067554
175.37631788 -38.56419210
175.38363006 -38.55770819
175.39094092 -38.55122382
175.39825047 -38.54473898
175.40555871 -38.53825369
175.41286565 -38.53176795
175.42017126 -38.52528174
175.42747557 -38.51879507
175.43586776 -38.51284999
175.44425857 -38.50690429
175.45264800 -38.50095799
175.46103605 -38.49501108
175.46942271 -38.48906357
175.47780800 -38.48311544
175.48619190 -38.47716671
175.49457441 -38.47121737
175.50295555 -38.46526741
175.51079222 -38.45891343
175.51862750 -38.45255891
175.52646141 -38.44620385
175.53429394 -38.43984827
175.54212509 -38.43349215
175.54995486 -38.42713550
175.55778326 -38.42077832
175.56561027 -38.41442061
175.57343592 -38.40806237
175.58126018 -38.40170360
175.58908307 -38.39534430
175.59587002 -38.38839040
175.60265567 -38.38143611
175.60944002 -38.37448144
175.61622307 -38.36752636
175.62300483 -38.36057089
175.62978528 -38.35361501
175.63656443 -38.34665874
175.64334228 -38.33970207
175.65011883 -38.33274500
175.65689409 -38.32578753
175.66394683 -38.31886281
175.67099822 -38.31193766
175.67804828 -38.30501208
175.68509699 -38.29808608
175.69214437 -38.29115969
175.69919040 -38.28423287
175.70623510 -38.27730564
175.71327845 -38.27037798
175.72032046 -38.26344989
175.72750946 -38.25663135
175.73469711 -38.24981237
175.74188341 -38.24299294
175.74906836 -38.23617306
175.75625196 -38.22935273
175.76343422 -38.22253196
175.77061512 -38.21571074
175.77564086 -38.20902744
175.78066568 -38.20234392
175.78568957 -38.19566018
175.79071254 -38.18897622
175.79573459 -38.18229204
175.80075571 -38.17560764
175.80678999 -38.16909647
175.81282320 -38.16258499
175.81885532 -38.15607320
175.82488636 -38.14956109
175.83091633 -38.14304867
175.83694522 -38.13653593
175.84297303 -38.13002288
175.84899977 -38.12350952
175.85502543 -38.11699584
175.86133194 -38.11018554
175.86763727 -38.10337490
175.87394143 -38.09656391
175.88024442 -38.08975254
175.88654624 -38.08294083
175.89284689 -38.07612877
175.89914635 -38.06931638
175.90544463 -38.06250364
175.91174174 -38.05569055
175.91926121 -38.04991398
175.92677950 -38.04413692
175.93429658 -38.03835938
175.94181248 -38.03258136
175.94932718 -38.02680285
175.95684069 -38.02102387
175.96435301 -38.01524440
175.97186413 -38.00946444
175.97937407 -38.00368401
175.98633846 -37.99728624
175.99330165 -37.99088807
176.00026362 -37.98448948
176.00722437 -37.97809048
176.01418390 -37.97169107
176.02114222 -37.96529125
176.02809932 -37.95889102
176.03505520 -37.95249037
176.04200986 -37.94608931
176.05003431 -37.94009931
176.05805745 -37.93410877
176.06607927 -37.92811767
176.07409978 -37.92212603
176.08211897 -37.91613384
176.09013685 -37.91014111
176.09815342 -37.90414783
176.10616869 -37.89815400
176.11215374 -37.89087406
176.11813760 -37.88359382
176.12412028 -37.87631327
176.13010178 -37.86903243
176.13608209 -37.86175128
176.14206122 -37.85446982
176.14803916 -37.84718807
176.15401593 -37.83990601
176.15999151 -37.83262365
176.16362406 -37.82417192
176.16725579 -37.81572008
176.17088668 -37.80726812
176.17451675 -37.79881605
176.17814600 -37.79036382
176.18177442 -37.78191148
176.18553625 -37.77438934
176.18929732 -37.76686709
176.19305762 -37.75934471
176.19681716 -37.75182222
176.20057593 -37.74429961
176.20433394 -37.73677688
176.20809118 -37.72925402
176.20863691 -37.72285754
176.20918255 -37.71646105
176.20972809 -37.71006456
176.21276916 -37.70272225
176.21580964 -37.69537983
176.21884953 -37.68803730
176.22102677 -37.67980270
176.22320353 -37.67156805
176.22537981 -37.66333337
176.22769520 -37.65454169
176.23001003 -37.64574996
176.23232433 -37.63695819
176.23463808 -37.62816638
176.23695129 -37.61937452
176.23926396 -37.61058262
176.24157608 -37.60179068
176.24388766 -37.59299869
176.24619869 -37.58420667
176.24850918 -37.57541460
176.25081913 -37.56662249
176.25312854 -37.55783034
176.25543741 -37.54903814
176.25774574 -37.54024590
176.26005353 -37.53145361
176.26236079 -37.52266129
176.26466751 -37.51386892
176.26697368 -37.50507650
176.26927932 -37.49628405
176.27158442 -37.48749155
176.27388898 -37.47869901
176.27619301 -37.46990642
176.27849650 -37.46111380
176.28079945 -37.45232113
176.28310187 -37.44352843
176.28540375 -37.43473568
176.28770510 -37.42594289
176.29000591 -37.41715006
176.29230619 -37.40835719
176.29460593 -37.39956428
176.29690514 -37.39077134
176.29961616 -37.38258003
176.30232659 -37.37438866
176.30503643 -37.36619724
176.30774568 -37.35800575
176.31045435 -37.34981421
176.31316242 -37.34162262
176.31586992 -37.33343096
176.31857682 -37.32523925
176.32128314 -37.31704749
176.32398888 -37.30885566
176.32669403 -37.30066378
176.32939859 -37.29247185
176.33126080 -37.28395221
176.33312260 -37.27543255
176.33498399 -37.26691286
176.33684496 -37.25839316
176.33870552 -37.24987342
176.34056567 -37.24135367
176.34242540 -37.23283389
176.34428472 -37.22431409
176.34614362 -37.21579426
176.34800211 -37.20727441
176.34986020 -37.19875454
176.35171786 -37.19023464
176.35357512 -37.18171471
176.35543196 -37.17319476
176.35728839 -37.16467478
176.35914441 -37.15615479
176.36100002 -37.14763477
176.36285522 -37.13911473
176.36471001 -37.13059467
176.36656439 -37.12207459
176.36841836 -37.11355449
176.37027192 -37.10503436
176.37212508 -37.09651422
176.37561616 -37.08841661
176.37910650 -37.08031890
176.38080527 -37.07142041
176.38250365 -37.06252189
176.38420165 -37.05362337
176.38589926 -37.04472483
176.38759648 -37.03582627
176.38929331 -37.02692770
176.39098975 -37.01802912
176.39268581 -37.00913052
176.40222771 -37.00716059
176.41176910 -37.00518990
176.42130997 -37.00321842
176.43085033 -37.00124617
176.44039018 -36.99927314
176.44992952 -36.99729933
176.45946834 -36.99532475
176.46900665 -36.99334939
176.47916173 -36.99422708
176.48931703 -36.99510388
176.49947255 -36.99597979
176.50962829 -36.99685482
176.51978427 -36.99772897
176.52994046 -36.99860223
176.53726494 -37.00540944
176.54459076 -37.01221617
176.55191790 -37.01902244
176.55924639 -37.02582824
176.56657621 -37.03263356
176.57390736 -37.03943841
176.58123985 -37.04624279
176.58857367 -37.05304670
176.59590883 -37.05985014
176.60324533 -37.06665310
176.61058316 -37.07345559
176.61792233 -37.08025761
176.62590094 -37.08605433
176.63388078 -37.09185049
176.64186185 -37.09764609
176.64984416 -37.10344114
176.65782772 -37.10923562
176.66581250 -37.11502955
176.67379853 -37.12082292
176.68178579 -37.12661573
176.68977429 -37.13240798
176.69776403 -37.13819967
176.70575500 -37.14399081
176.71374721 -37.14978140
176.72174065 -37.15557142
176.72973534 -37.16136089
176.73773126 -37.16714979
176.74572843 -37.17293814
166.89187356 -47.43480851
166.89774524 -47.42705491
166.90361518 -47.41930098
166.90948338 -47.41154671
166.91534985 -47.40379211
166.92121457 -47.39603718
166.92707755 -47.38828192
166.93293880 -47.38052633
166.93879832 -47.37277041
166.94465611 -47.36501416
166.95051216 -47.35725758
166.95636649 -47.34950067
166.96221909 -47.34174343
166.96806996 -47.33398586
166.97391911 -47.32622796
166.97976653 -47.31846974
166.98561223 -47.31071119
166.99092580 -47.30315228
166.99623785 -47.29559310
167.00154836 -47.28803365
167.00685736 -47.28047392
167.01216483 -47.27291392
167.01747078 -47.26535365
167.02277520 -47.25779311
167.02807811 -47.25023229
167.03337949 -47.24267121
167.03867936 -47.23510985
167.04473976 -47.22798926
167.05079854 -47.22086833
167.05685569 -47.21374706
167.06291122 -47.20662544
167.06896511 -47.19950347
167.07501737 -47.19238116
167.08106800 -47.18525850
167.08711701 -47.17813550
167.09316440 -47.17101215
167.09795078 -47.16319287
167.10273574 -47.15537337
167.10751930 -47.14755365
167.11230143 -47.13973369
167.11708216 -47.13191352
167.12186148 -47.12409312
167.12663938 -47.11627249
167.13141588 -47.10845164
167.13619096 -47.10063056
167.14096464 -47.09280926
167.14573690 -47.08498773
167.15050777 -47.07716598
167.15527722 -47.06934400
167.16004527 -47.06152180
167.16481192 -47.05369938
167.17169059 -47.04609350
167.17856731 -47.03848718
167.18544207 -47.03088043
167.19231487 -47.02327323
167.19918572 -47.01566560
167.20605462 -47.00805752
167.21292157 -47.00044901
167.21978655 -46.99284005
167.22664959 -46.98523065
167.23351068 -46.97762082
167.24036982 -46.97001055
167.24722702 -46.96239984
167.25408227 -46.95478869
167.26093557 -46.94717711
167.26778693 -46.93956510
167.27463635 -46.93195264
167.28148383 -46.92433975
167.28832937 -46.91672643
167.29517297 -46.90911267
167.30201463 -46.90149848
167.30885436 -46.89388385
167.31569215 -46.88626879
167.32252801 -46.87865329
167.32936193 -46.87103736
167.33619392 -46.86342100
167.34302398 -46.85580421
167.34985211 -46.84818699
167.35667831 -46.84056933
167.36350258 -46.83295124
167.37032492 -46.82533272
167.37714534 -46.81771377
167.38436445 -46.81042118
167.39158161 -46.80312810
167.39879683 -46.79583455
167.40601010 -46.78854052
167.41322143 -46.78124602
167.42043081 -46.77395104
167.42763824 -46.76665558
167.43484374 -46.75935965
167.44204729 -46.75206324
167.44876432 -46.74522081
167.45547964 -46.73837796
167.46219328 -46.73153471
167.46890521 -46.72469104
167.47561546 -46.71784696
167.48232401 -46.71100247
167.48903087 -46.70415757
167.49573603 -46.69731225
167.50243951 -46.69046652
167.50914130 -46.68362038
167.51741410 -46.67770537
167.52568509 -46.67178974
167.53395430 -46.66587350
167.54222170 -46.65995665
167.55048731 -46.65403919
167.55875113 -46.64812112
167.56701315 -46.64220244
167.57527338 -46.63628314
167.58353181 -46.63036324
167.59178845 -46.62444272
167.59910500 -46.61747696
167.60641967 -46.61051071
167.61373248 -46.60354398
167.62104341 -46.59657676
167.62835249 -46.58960906
167.63565969 -46.58264087
167.64296503 -46.57567221
167.65026850 -46.56870306
167.65757011 -46.56173342
167.66486986 -46.55476331
167.67333324 -46.54902914
167.68179484 -46.54329433
167.69025468 -46.53755888
167.69871274 -46.53182280
167.70716903 -46.52608609
167.71562355 -46.52034875
167.72407630 -46.51461077
167.73252728 -46.50887215
167.74097649 -46.50313290
167.74942393 -46.49739302
167.75786960 -46.49165248
167.76671987 -46.48514547
167.77556805 -46.47863776
167.78441412 -46.47212935
167.79325809 -46.46562024
167.80209997 -46.45911044
167.81093975 -46.45259994
167.81977744 -46.44608875
167.82861303 -46.43957686
167.83744652 -46.43306428
167.84627792 -46.42655101
167.85510723 -46.42003704
167.86393444 -46.41352238
167.87275956 -46.40700703
167.88158259 -46.40049098
167.89040353 -46.39397424
167.89922237 -46.38745681
167.90803907 -46.38093870
167.91685367 -46.37441990
167.92566619 -46.36790041
167.93447661 -46.36138024
167.94180819 -46.35686148
167.94913857 -46.35234224
167.95646774 -46.34782254
167.96379571 -46.34330235
167.97419013 -46.33829133
167.98348857 -46.33220396
167.99278495 -46.32611583
168.00207927 -46.32002693
168.01137150 -46.31393729
168.02066167 -46.30784688
168.02994978 -46.30175571
168.03923584 -46.29566377
168.04851984 -46.28957106
168.05780179 -46.28347759
168.06708169 -46.27738336
168.07635954 -46.27128837
168.08563534 -46.26519262
168.09490908 -46.25909611
168.10418079 -46.25299884
168.11345044 -46.24690082
168.12271804 -46.24080204
168.13198359 -46.23470250
168.14124710 -46.22860220
168.15050857 -46.22250115
168.15990387 -46.21645594
168.16929711 -46.21040994
168.17868830 -46.20436317
168.18807744 -46.19831563
168.19746453 -46.19226730
168.20684964 -46.18621818
168.21623271 -46.18016827
168.22561374 -46.17411759
168.23499272 -46.16806613
168.24436964 -46.16201390
168.25374452 -46.15596089
168.26311734 -46.14990710
168.27248812 -46.14385254
168.28185685 -46.13779721
168.29122354 -46.13174110
168.29843793 -46.12535218
168.30565066 -46.11896278
168.31286173 -46.11257293
168.32007114 -46.10618261
168.32727889 -46.09979182
168.33448498 -46.09340058
168.34168942 -46.08700888
168.34889220 -46.08061671
168.35609332 -46.07422408
168.36329278 -46.06783099
168.37098349 -46.06169523
168.37867250 -46.05555894
168.38635981 -46.04942214
168.39404543 -46.04328480
168.40172936 -46.03714695
168.40941159 -46.03100857
168.41709213 -46.02486967
168.42477097 -46.01873024
168.43244812 -46.01259030
168.44012358 -46.00644983
168.44911336 -46.00096898
168.45810136 -45.99548743
168.46708759 -45.99000516
168.47607206 -45.98452219
168.48505475 -45.97903850
168.49403568 -45.97355410
168.50301484 -45.96806899
168.51199225 -45.96258316
168.52096788 -45.95709663
168.53028952 -45.95201994
168.53960947 -45.94694249
168.54892771 -45.94186428
168.55824426 -45.93678531
168.56755911 -45.93170557
168.57687226 -45.92662507
168.58618371 -45.92154381
168.59549347 -45.91646179
168.60480153 -45.91137900
168.61428699 -45.90643457
168.62377077 -45.90148935
168.63325288 -45.89654334
168.64273330 -45.89159654
168.65221205 -45.88664895
168.66168912 -45.88170058
168.67116450 -45.87675141
168.68063822 -45.87180146
168.69011025 -45.86685072
168.70029728 -45.86245514
168.71048270 -45.85805865
168.72066652 -45.85366125
168.73084873 -45.84926295
168.74102935 -45.84486374
168.75120837 -45.84046363
168.76138579 -45.83606261
168.77156161 -45.83166068
168.78173583 -45.82725785
168.79279641 -45.82288585
168.80385526 -45.81851277
168.81491240 -45.81413864
168.82596781 -45.80976344
168.83702149 -45.80538718
168.84807345 -45.80100985
168.85912368 -45.79663145
168.87017218 -45.79225198
168.88121896 -45.78787144
168.89226401 -45.78348984
168.90367585 -45.78004699
168.91508629 -45.77660300
168.92649533 -45.77315787
168.93790296 -45.76971161
168.94930919 -45.76626422
168.96071401 -45.76281569
168.97211743 -45.75936603
168.98351944 -45.75591524
168.99492005 -45.75246331
169.00489574 -45.74888631
169.01487016 -45.74530845
169.02484330 -45.74172972
169.03481517 -45.73815012
169.04478577 -45.73456966
169.05475509 -45.73098833
169.06472314 -45.72740614
169.07400994 -45.72220434
169.08329503 -45.71700180
169.09257839 -45.71179849
169.10186003 -45.70659444
169.11113996 -45.70138964
169.12041817 -45.69618408
169.12969467 -45.69097777
169.13896945 -45.68577070
169.14624227 -45.67868862
169.15351327 -45.67160606
169.16078244 -45.66452304
169.16804979 -45.65743955
169.17531531 -45.65035560
169.18257901 -45.64327117
169.18984089 -45.63618628
169.19471317 -45.62851301
169.19958413 -45.62083951
169.20445377 -45.61316580
169.20932209 -45.60549188
169.21418909 -45.59781774
169.21905480 -45.59014338
169.22391919 -45.58246880
169.22931977 -45.57444950
169.23471882 -45.56642993
169.24011635 -45.55841009
169.24551235 -45.55039000
169.25090682 -45.54236963
169.25629977 -45.53434901
169.26169120 -45.52632812
169.26708110 -45.51830696
169.27286664 -45.51117060
169.27865073 -45.50403394
169.28443337 -45.49689699
169.29021454 -45.48975975
169.29599426 -45.48262221
169.30177252 -45.47548437
169.30754932 -45.46834623
169.31353376 -45.46172505
169.31951681 -45.45510356
169.32549846 -45.44848174
169.33147872 -45.44185961
169.33745758 -45.43523716
169.34343506 -45.42861439
169.34941114 -45.42199131
169.35553926 -45.41533011
169.36166594 -45.40866859
169.36779119 -45.40200673
169.37391500 -45.39534453
169.38003738 -45.38868201
169.38615833 -45.38201916
169.39227784 -45.37535597
169.39839592 -45.36869245
169.40783175 -45.36302404
169.41726570 -45.35735485
169.42669778 -45.35168488
169.43612797 -45.34601414
169.44555628 -45.34034261
169.45498271 -45.33467031
169.46440727 -45.32899723
169.47382995 -45.32332337
169.48337458 -45.31801907
169.49291743 -45.31271398
169.50245851 -45.30740810
169.51199780 -45.30210141
169.52153533 -45.29679393
169.53107109 -45.29148566
169.54060507 -45.28617660
169.55013727 -45.28086674
169.55966770 -45.27555608
169.56919636 -45.27024464
169.57872324 -45.26493239
169.58824834 -45.25961936
169.59777167 -45.25430553
169.60792764 -45.24983413
169.61808202 -45.24536184
169.62823480 -45.24088864
169.63838599 -45.23641455
169.64853559 -45.23193955
169.65868360 -45.22746366
169.66883002 -45.22298687
169.67897484 -45.21850918
169.68911807 -45.21403058
169.69925971 -45.20955110
169.70939976 -45.20507071
169.71953822 -45.20058943
169.72967509 -45.19610725
169.73981036 -45.19162418
169.74994404 -45.18714021
169.76099922 -45.18387226
169.77205312 -45.18060325
169.78310576 -45.17733317
169.79415713 -45.17406203
169.80520723 -45.17078983
169.81625604 -45.16751657
169.82730359 -45.16424224
169.83834987 -45.16096684
169.84939489 -45.15769039
169.86043863 -45.15441287
169.87148111 -45.15113429
169.88185588 -45.14599577
169.89222880 -45.14085631
169.90259985 -45.13571592
169.91296903 -45.13057459
169.92333636 -45.12543232
169.93370182 -45.12028911
169.94406542 -45.11514497
169.95442717 -45.10999989
169.96478705 -45.10485388
169.97514508 -45.09970692
169.98550125 -45.09455904
169.99525339 -45.08885330
170.00500360 -45.08314672
170.01475188 -45.07743931
170.02449822 -45.07173107
170.03424262 -45.06602200
170.04398509 -45.06031211
170.05372563 -45.05460138
170.06346423 -45.04888983
170.07146664 -45.04245337
170.07946725 -45.03601636
170.08746609 -45.02957878
170.09546313 -45.02314064
170.10345839 -45.01670194
170.11145186 -45.01026268
170.11944355 -45.00382285
170.12744174 -44.99721250
170.13543810 -44.99060159
170.14343264 -44.98399011
170.15142534 -44.97737808
170.15941622 -44.97076548
170.16740526 -44.96415233
170.17539248 -44.95753861
170.18277175 -44.95056940
170.19014925 -44.94359971
170.19752497 -44.93662954
170.20489891 -44.92965890
170.21227108 -44.92268777
170.21828799 -44.91508838
170.22430332 -44.90748867
170.23031707 -44.89988863
170.23632926 -44.89228827
170.24233987 -44.88468759
170.24834892 -44.87708659
170.25435639 -44.86948526
170.26036229 -44.86188362
170.26645230 -44.85436875
170.27254074 -44.84685354
170.27862761 -44.83933801
170.28471290 -44.83182215
170.29079663 -44.82430596
170.29687878 -44.81678944
170.30295935 -44.80927259
170.30713598 -44.80154136
170.31131148 -44.79380993
170.31548588 -44.78607832
170.31965917 -44.77834655
170.32383135 -44.77061462
170.32800243 -44.76288253
170.33217241 -44.75515028
170.33771883 -44.74798110
170.34326390 -44.74081164
170.34880759 -44.73364190
170.35434993 -44.72647189
170.35989090 -44.71930161
170.36543052 -44.71213105
170.37096877 -44.70496022
170.37650566 -44.69778911
170.38239968 -44.69037762
170.38829220 -44.68296581
170.39418323 -44.67555370
170.40007276 -44.66814128
170.40596079 -44.66072855
170.41184732 -44.65331551
170.41773236 -44.64590216
170.42361591 -44.63848851
170.42949797 -44.63107455
170.43445282 -44.62363988
170.43940641 -44.61620499
170.44435874 -44.60876988
170.44930982 -44.60133455
170.45425964 -44.59389900
170.45920821 -44.58646322
170.46415552 -44.57902722
170.46910158 -44.57159100
170.47404638 -44.56415456
170.48047500 -44.55661773
170.48690198 -44.54908053
170.49332729 -44.54154297
170.49975096 -44.53400504
170.50617297 -44.52646675
170.51259332 -44.51892809
170.51901203 -44.51138906
170.52542909 -44.50384967
170.53184449 -44.49630990
170.53824732 -44.48903423
170.54464855 -44.48175820
170.55104820 -44.47448180
170.55744627 -44.46720503
170.56384275 -44.45992791
170.57023764 -44.45265041
170.57663095 -44.44537256
170.58302267 -44.43809434
170.58941282 -44.43081576
170.59523715 -44.42378982
170.60106009 -44.41676358
170.60688166 -44.40973704
170.61270184 -44.40271019
170.61852064 -44.39568304
170.62433805 -44.38865557
170.63015407 -44.38162780
170.63596870 -44.37459973
170.64178195 -44.36757135
170.64961100 -44.36084825
170.65743827 -44.35412461
170.66526375 -44.34740043
170.67308745 -44.34067571
170.68090936 -44.33395044
170.68872948 -44.32722464
170.69654782 -44.32049829
170.70436438 -44.31377140
170.71217917 -44.30704397
170.72020987 -44.30088935
170.72823892 -44.29473417
170.73626630 -44.28857841
170.74429200 -44.28242208
170.75231603 -44.27626519
170.76033838 -44.27010772
170.76835906 -44.26394969
170.77637807 -44.25779109
170.78439540 -44.25163191
170.79241106 -44.24547218
170.80171897 -44.24017018
170.81102519 -44.23486742
170.82032975 -44.22956390
170.82963263 -44.22425962
170.83893385 -44.21895458
170.84823340 -44.21364878
170.85753127 -44.20834222
170.86682748 -44.20303490
170.87612202 -44.19772682
170.88541490 -44.19241798
170.89515911 -44.18730188
170.90490164 -44.18218496
170.91464247 -44.17706721
170.92438162 -44.17194862
170.93411908 -44.16682921
170.94385485 -44.16170896
170.95358894 -44.15658788
170.96332135 -44.15146598
170.97305208 -44.14634324
170.98269267 -44.14072660
170.99233144 -44.13510915
171.00196839 -44.12949088
171.01160351 -44.12387180
171.02123680 -44.11825191
171.03086826 -44.11263120
171.04049790 -44.10700968
171.05034362 -44.10285852
171.06018795 -44.09870650
171.07003093 -44.09455365
171.07987254 -44.09039995
171.08971277 -44.08624540
171.09955162 -44.08209001
171.10938909 -44.07793379
171.11922518 -44.07377673
171.12948191 -44.06932790
171.13973710 -44.06487815
171.14999076 -44.06042748
171.16024288 -44.05597589
171.17049346 -44.05152338
171.18074250 -44.04706995
171.19099001 -44.04261561
171.20123599 -44.03816034
171.21126385 -44.03404819
171.22129032 -44.02993516
171.23131541 -44.02582125
171.24133911 -44.02170646
171.25136142 -44.01759080
171.26138234 -44.01347425
171.27140188 -44.00935683
171.28142003 -44.00523853
171.29143679 -44.00111936
171.30145217 -43.99699931
171.31146618 -43.99287838
171.32147880 -43.98875658
171.33282669 -43.98541794
171.34417330 -43.98207817
171.35551864 -43.97873729
171.36686270 -43.97539527
171.37820549 -43.97205214
171.38954700 -43.96870788
171.40088724 -43.96536251
171.41222623 -43.96201602
171.42356395 -43.95866841
171.43490039 -43.95531969
171.44623555 -43.95196984
171.45756944 -43.94861887
171.46890205 -43.94526678
171.48023338 -43.94191357
171.49156343 -43.93855924
171.50289221 -43.93520379
171.51421971 -43.93184723
171.52514229 -43.92881131
171.53606375 -43.92577435
171.54698410 -43.92273635
171.55790334 -43.91969731
171.56882146 -43.91665723
171.57973846 -43.91361611
171.59065435 -43.91057396
171.60156913 -43.90753076
171.61248280 -43.90448652
171.62339535 -43.90144124
171.63430679 -43.89839493
171.64521711 -43.89534756
171.65605633 -43.89174262
171.66689424 -43.88813665
171.67773085 -43.88452966
171.68856614 -43.88092164
171.69940012 -43.87731261
171.71023281 -43.87370255
171.72106418 -43.87009147
171.73189424 -43.86647937
171.74272299 -43.86286625
171.75355044 -43.85925211
171.76437657 -43.85563696
171.77520139 -43.85202078
171.78602491 -43.84840359
171.79684711 -43.84478538
171.80766801 -43.84116615
171.81900386 -43.83839043
171.83033867 -43.83561359
171.84167241 -43.83283563
171.85300510 -43.83005656
171.86433674 -43.82727637
171.87566732 -43.82449506
171.88699684 -43.82171264
171.89716006 -43.81840766
171.90732219 -43.81510178
171.91748322 -43.81179501
171.92764312 -43.80848734
171.93780190 -43.80517878
171.94795956 -43.80186932
171.95811611 -43.79855896
171.96765496 -43.79458905
171.97719256 -43.79061835
171.98672890 -43.78664686
171.99626398 -43.78267458
172.00579780 -43.77870150
172.01533036 -43.77472764
172.02486167 -43.77075299
172.03439171 -43.76677756
172.04547829 -43.76386504
172.05656379 -43.76095147
172.06764822 -43.75803682
172.07873156 -43.75512111
172.08981382 -43.75220433
172.10089501 -43.74928649
172.11197510 -43.74636756
172.12305412 -43.74344757
172.13413205 -43.74052652
172.14520890 -43.73760440
172.15628468 -43.73468122
172.16754491 -43.73188512
172.17880409 -43.72908792
172.19006222 -43.72628963
172.20131929 -43.72349023
172.21257531 -43.72068973
172.22383028 -43.71788813
172.23508419 -43.71508543
172.24633705 -43.71228163
172.25758886 -43.70947673
172.26883961 -43.70667074
172.28008932 -43.70386365
172.29133796 -43.70105546
172.30242031 -43.69834441
172.31350162 -43.69563228
172.32458194 -43.69291908
172.33566124 -43.69020483
172.34673955 -43.68748951
172.35781684 -43.68477312
172.36889314 -43.68205568
172.37996842 -43.67933717
172.39104271 -43.67661760
172.40211597 -43.67389697
172.41318819 -43.67117528
172.42425940 -43.66845253
172.43532960 -43.66572871
172.44639879 -43.66300384
172.45746698 -43.66027791
172.46886216 -43.65755243
172.48025630 -43.65482582
172.49164940 -43.65209809
172.50304146 -43.64936924
172.51443249 -43.64663927
172.52582248 -43.64390818
172.53721144 -43.64117596
172.54859935 -43.63844263
172.55998623 -43.63570817
172.57137207 -43.63297259
172.58275687 -43.63023590
172.59414063 -43.62749808
172.60552334 -43.62475913
172.61690501 -43.62201906
172.62828563 -43.61927786
172.64001732 -43.61667855
172.65174799 -43.61407804
172.66347764 -43.61147635
172.67520628 -43.60887346
172.68693388 -43.60626939
172.69866047 -43.60366413
172.71038602 -43.60105767
172.72211055 -43.59845003
172.73383405 -43.59584120
172.74555652 -43.59323118
172.75727798 -43.59061999
172.76899841 -43.58800761
172.78071783 -43.58539405
172.79175171 -43.58224378
172.80278445 -43.57909247
172.81381604 -43.57594011
172.82484649 -43.57278671
172.83587578 -43.56963226
172.84690393 -43.56647676
172.85793092 -43.56332022
172.86895676 -43.56016261
172.87998144 -43.55700396
172.89011115 -43.55262257
172.90023939 -43.54824028
172.91036618 -43.54385711
172.92049150 -43.53947304
172.93061536 -43.53508810
172.94073775 -43.53070226
172.95085867 -43.52631555
172.96097812 -43.52192795
172.97109611 -43.51753946
172.98121264 -43.51315010
172.99132770 -43.50875986
173.00144131 -43.50436874
173.01155344 -43.49997674
173.02166413 -43.49558386
173.03177335 -43.49119011
173.04188111 -43.48679547
173.05198740 -43.48239996
