178.305000 -38.410100
178.300402 -38.416864
178.295804 -38.423627
178.291204 -38.430390
178.286604 -38.437153
178.282003 -38.443916
178.277401 -38.450678
178.272798 -38.457441
178.268195 -38.464203
178.263590 -38.470965
178.258985 -38.477727
178.254378 -38.484489
178.249771 -38.491250
178.245163 -38.498012
178.240554 -38.504773
178.235945 -38.511534
178.231334 -38.518295
178.226723 -38.525055
178.222110 -38.531816
178.217497 -38.538576
178.212883 -38.545336
178.208268 -38.552096
178.203652 -38.558856
178.199036 -38.565615
178.194418 -38.572375
178.189800 -38.579134
178.185180 -38.585893
178.180560 -38.592652
178.175939 -38.599410
178.171317 -38.606169
178.166694 -38.612927
178.162071 -38.619685
178.157446 -38.626443
178.152821 -38.633201
178.148195 -38.639959
178.143568 -38.646716
178.138940 -38.653473
178.134311 -38.660230
178.129681 -38.666987
178.125050 -38.673744
178.120419 -38.680500
178.115787 -38.687256
178.111153 -38.694012
178.106519 -38.700768
178.101884 -38.707524
178.097248 -38.714280
178.092612 -38.721035
178.087974 -38.727790
178.083335 -38.734545
178.078696 -38.741300
178.074056 -38.748055
178.069415 -38.754809
178.064773 -38.761563
178.060130 -38.768317
178.055486 -38.775071
178.050841 -38.781825
178.046196 -38.788578
178.041550 -38.795332
178.036902 -38.802085
178.032254 -38.808838
178.027605 -38.815591
178.022955 -38.822343
178.018304 -38.829096
178.013653 -38.835848
178.009000 -38.842600
178.009000 -38.842600
177.999485 -38.850073
177.989969 -38.857545
177.980450 -38.865017
177.970929 -38.872487
177.961407 -38.879957
177.951882 -38.887426
177.942355 -38.894895
177.932827 -38.902362
177.923296 -38.909829
177.913763 -38.917295
177.904229 -38.924760
177.894692 -38.932225
177.885153 -38.939689
177.875613 -38.947152
177.866070 -38.954614
177.856525 -38.962075
177.846978 -38.969536
177.837430 -38.976996
177.827879 -38.984455
177.818326 -38.991913
177.808771 -38.999370
177.799214 -39.006827
177.789656 -39.014283
177.780095 -39.021738
177.770532 -39.029192
177.760967 -39.036646
177.751400 -39.044099
177.741831 -39.051551
177.732260 -39.059002
177.722687 -39.066453
177.713112 -39.073902
177.703536 -39.081351
177.693956 -39.088799
177.684375 -39.096247
177.674792 -39.103693
177.665207 -39.111139
177.655620 -39.118584
177.646031 -39.126028
177.636440 -39.133471
177.626847 -39.140914
177.617252 -39.148356
177.607654 -39.155797
177.598055 -39.163237
177.588454 -39.170677
177.578850 -39.178115
177.569245 -39.185553
177.559638 -39.192990
177.550028 -39.200427
177.540417 -39.207862
177.530803 -39.215297
177.521188 -39.222731
177.511570 -39.230164
177.501950 -39.237596
177.492329 -39.245028
177.482705 -39.252459
177.473079 -39.259889
177.463452 -39.267318
177.453822 -39.274746
177.444190 -39.282174
177.434556 -39.289601
177.424920 -39.297027
177.415282 -39.304452
177.405642 -39.311876
177.396000 -39.319300
177.386896 -39.320027
177.377793 -39.320753
177.368689 -39.321479
177.359585 -39.322204
177.350480 -39.322928
177.341376 -39.323652
177.332271 -39.324374
177.323166 -39.325096
177.314061 -39.325818
177.304956 -39.326539
177.295851 -39.327258
177.286745 -39.327978
177.277639 -39.328696
177.268533 -39.329414
177.259427 -39.330131
177.250321 -39.330848
177.241214 -39.331563
177.232108 -39.332278
177.223001 -39.332993
177.213894 -39.333706
177.204786 -39.334419
177.195679 -39.335131
177.186571 -39.335843
177.177463 -39.336553
177.168355 -39.337263
177.159247 -39.337973
177.150139 -39.338681
177.141030 -39.339389
177.131921 -39.340096
177.122812 -39.340803
177.113703 -39.341509
177.104594 -39.342214
177.095485 -39.342918
177.086375 -39.343622
177.077265 -39.344324
177.068155 -39.345027
177.059045 -39.345728
177.049934 -39.346429
177.040824 -39.347129
177.031713 -39.347828
177.022602 -39.348527
177.013491 -39.349225
177.004380 -39.349922
176.995268 -39.350619
176.986156 -39.351315
176.977044 -39.352010
176.967932 -39.352704
176.958820 -39.353398
176.949708 -39.354091
176.940595 -39.354783
176.931482 -39.355475
176.922369 -39.356165
176.913256 -39.356855
176.904143 -39.357545
176.895029 -39.358234
176.885916 -39.358922
176.876802 -39.359609
176.867688 -39.360295
176.858574 -39.360981
176.849459 -39.361666
176.840345 -39.362351
176.831230 -39.363035
176.822115 -39.363718
176.813000 -39.364400
