177.057000 -38.124900
177.060802 -38.131561
177.064604 -38.138222
177.068407 -38.144883
177.072211 -38.151544
177.076015 -38.158205
177.079821 -38.164866
177.083626 -38.171526
177.087433 -38.178187
177.091240 -38.184847
177.095048 -38.191507
177.098857 -38.198167
177.102666 -38.204827
177.106476 -38.211487
177.110287 -38.218147
177.114098 -38.224806
177.117911 -38.231466
177.121723 -38.238125
177.125537 -38.244784
177.129351 -38.251443
177.133166 -38.258102
177.136982 -38.264761
177.140798 -38.271420
177.144615 -38.278078
177.148433 -38.284737
177.152251 -38.291395
177.156070 -38.298053
177.159890 -38.304711
177.163711 -38.311369
177.167532 -38.318027
177.171354 -38.324685
177.175177 -38.331343
177.179000 -38.338000
178.336000 -37.821700
178.331257 -37.824403
178.326513 -37.827105
178.321769 -37.829808
178.317024 -37.832510
178.312279 -37.835212
178.307534 -37.837914
178.302788 -37.840616
178.298043 -37.843317
178.293296 -37.846018
178.288550 -37.848719
178.283803 -37.851420
178.279055 -37.854121
178.274308 -37.856821
178.269560 -37.859522
178.264811 -37.862222
178.260063 -37.864922
178.255314 -37.867622
178.250564 -37.870321
178.245815 -37.873020
178.241065 -37.875720
178.236314 -37.878419
178.231563 -37.881117
178.226812 -37.883816
178.222061 -37.886514
178.217309 -37.889213
178.212557 -37.891911
178.207804 -37.894609
178.203051 -37.897306
178.198298 -37.900004
178.193545 -37.902701
178.188791 -37.905398
178.184036 -37.908095
178.179282 -37.910792
178.174527 -37.913488
178.169772 -37.916184
178.165016 -37.918880
178.160260 -37.921576
178.155504 -37.924272
178.150747 -37.926968
178.145990 -37.929663
178.141232 -37.932358
178.136475 -37.935053
178.131717 -37.937748
178.126958 -37.940442
178.122199 -37.943137
178.117440 -37.945831
178.112681 -37.948525
178.107921 -37.951219
178.103161 -37.953912
178.098400 -37.956606
178.093639 -37.959299
178.088878 -37.961992
178.084116 -37.964685
178.079355 -37.967378
178.074592 -37.970070
178.069830 -37.972762
178.065067 -37.975455
178.060303 -37.978146
178.055540 -37.980838
178.050776 -37.983530
178.046011 -37.986221
178.041247 -37.988912
178.036481 -37.991603
178.031716 -37.994294
178.026950 -37.996984
178.022184 -37.999675
178.017418 -38.002365
178.012651 -38.005055
178.007884 -38.007745
178.003116 -38.010434
177.998348 -38.013124
177.993580 -38.015813
177.988811 -38.018502
177.984043 -38.021191
177.979273 -38.023879
177.974504 -38.026568
177.969734 -38.029256
177.964963 -38.031944
177.960193 -38.034632
177.955422 -38.037320
177.950650 -38.040007
177.945879 -38.042694
177.941106 -38.045381
177.936334 -38.048068
177.931561 -38.050755
177.926788 -38.053441
177.922015 -38.056128
177.917241 -38.058814
177.912467 -38.061500
177.907692 -38.064186
177.902917 -38.066871
177.898142 -38.069556
177.893366 -38.072242
177.888590 -38.074927
177.883814 -38.077611
177.879038 -38.080296
177.874261 -38.082980
177.869483 -38.085664
177.864706 -38.088348
177.859928 -38.091032
177.855149 -38.093716
177.850370 -38.096399
177.845591 -38.099083
177.840812 -38.101766
177.836032 -38.104448
177.831252 -38.107131
177.826471 -38.109813
177.821691 -38.112496
177.816909 -38.115178
177.812128 -38.117860
177.807346 -38.120541
177.802564 -38.123223
177.797781 -38.125904
177.792998 -38.128585
177.788215 -38.131266
177.783431 -38.133947
177.778647 -38.136627
177.773863 -38.139308
177.769078 -38.141988
177.764293 -38.144668
177.759508 -38.147347
177.754722 -38.150027
177.749936 -38.152706
177.745149 -38.155385
177.740363 -38.158064
177.735575 -38.160743
177.730788 -38.163422
177.726000 -38.166100
