168.834000 -44.017200
168.843717 -44.012770
168.853434 -44.008338
168.863148 -44.003906
168.872861 -43.999473
168.882573 -43.995039
168.892283 -43.990605
168.901992 -43.986169
168.911699 -43.981733
168.921405 -43.977296
168.931110 -43.972858
168.940813 -43.968420
168.950514 -43.963980
168.960214 -43.959540
168.969913 -43.955099
168.979610 -43.950657
168.989306 -43.946214
168.999000 -43.941770
169.008693 -43.937326
169.018384 -43.932880
169.028074 -43.928434
169.037763 -43.923987
169.047450 -43.919540
169.057135 -43.915091
169.066820 -43.910642
169.076502 -43.906192
169.086184 -43.901741
169.095863 -43.897289
169.105542 -43.892836
169.115219 -43.888383
169.124894 -43.883929
169.134568 -43.879474
169.144241 -43.875018
169.153912 -43.870561
169.163581 -43.866103
169.173250 -43.861645
169.182916 -43.857186
169.192582 -43.852726
169.202246 -43.848265
169.211908 -43.843804
169.221569 -43.839341
169.231229 -43.834878
169.240887 -43.830414
169.250543 -43.825949
169.260199 -43.821483
169.269852 -43.817017
169.279505 -43.812550
169.289156 -43.808082
169.298805 -43.803613
169.308453 -43.799143
169.318100 -43.794672
169.327745 -43.790201
169.337388 -43.785729
169.347031 -43.781256
169.356671 -43.776782
169.366311 -43.772308
169.375949 -43.767832
169.385585 -43.763356
169.395220 -43.758879
169.404854 -43.754401
169.414486 -43.749923
169.424117 -43.745443
169.433746 -43.740963
169.443374 -43.736482
169.453000 -43.732000
170.643000 -43.186600
170.648790 -43.183667
170.654579 -43.180734
170.660368 -43.177800
170.666156 -43.174866
170.671944 -43.171932
170.677731 -43.168998
170.683517 -43.166063
170.689303 -43.163128
170.695089 -43.160193
170.700874 -43.157257
170.706658 -43.154321
170.712442 -43.151385
170.718225 -43.148448
170.724007 -43.145512
170.729790 -43.142575
170.735571 -43.139637
170.741352 -43.136700
170.747132 -43.133762
170.752912 -43.130823
170.758692 -43.127885
170.764470 -43.124946
170.770249 -43.122007
170.776026 -43.119068
170.781803 -43.116128
170.787580 -43.113188
170.793356 -43.110248
170.799131 -43.107307
170.804906 -43.104366
170.810680 -43.101425
170.816454 -43.098484
170.822227 -43.095542
170.828000 -43.092600
173.583000 -42.208700
173.561856 -42.217354
173.540706 -42.226005
173.519551 -42.234651
173.498389 -42.243294
173.477222 -42.251932
173.456049 -42.260567
173.434870 -42.269198
173.413686 -42.277825
173.392495 -42.286448
173.371299 -42.295067
173.350097 -42.303682
173.328889 -42.312294
173.307676 -42.320901
173.286456 -42.329505
173.265231 -42.338104
173.244000 -42.346700
173.230513 -42.350624
173.217024 -42.354547
173.203533 -42.358468
173.190040 -42.362388
173.176546 -42.366306
173.163050 -42.370223
173.149553 -42.374137
173.136054 -42.378051
173.122553 -42.381962
173.109050 -42.385873
173.095546 -42.389781
173.082040 -42.393688
173.068533 -42.397593
173.055024 -42.401497
173.041513 -42.405399
173.028000 -42.409300
