173.911000 -41.976800
173.925087 -41.967108
173.939169 -41.957415
173.953248 -41.947719
173.967322 -41.938022
173.981391 -41.928324
173.995457 -41.918623
174.009518 -41.908921
174.023575 -41.899217
174.037627 -41.889512
174.051676 -41.879805
174.065720 -41.870096
174.079760 -41.860385
174.093795 -41.850673
174.107826 -41.840959
174.121853 -41.831243
174.135876 -41.821525
174.149895 -41.811806
174.163909 -41.802085
174.177919 -41.792362
174.191925 -41.782638
174.205926 -41.772912
174.219923 -41.763184
174.233916 -41.753455
174.247905 -41.743724
174.261890 -41.733991
174.275870 -41.724257
174.289846 -41.714520
174.303818 -41.704782
174.317785 -41.695043
174.331749 -41.685302
174.345708 -41.675559
174.359663 -41.665814
174.373613 -41.656068
174.387560 -41.646320
174.401502 -41.636570
174.415440 -41.626819
174.429374 -41.617065
174.443303 -41.607311
174.457229 -41.597554
174.471150 -41.587796
174.485067 -41.578036
174.498980 -41.568275
174.512888 -41.558512
174.526793 -41.548747
174.540693 -41.538980
174.554589 -41.529212
174.568480 -41.519442
174.582368 -41.509671
174.596251 -41.499898
174.610130 -41.490123
174.624005 -41.480346
174.637876 -41.470568
174.651743 -41.460788
174.665605 -41.451007
174.679464 -41.441223
174.693318 -41.431439
174.707167 -41.421652
174.721013 -41.411864
174.734855 -41.402074
174.748692 -41.392283
174.762525 -41.382489
174.776354 -41.372695
174.790179 -41.362898
174.804000 -41.353100
174.807654 -41.349235
174.811308 -41.345370
174.814961 -41.341504
174.818614 -41.337639
174.822267 -41.333773
174.825919 -41.329907
174.829570 -41.326042
174.833222 -41.322176
174.836872 -41.318310
174.840523 -41.314444
174.844173 -41.310577
174.847822 -41.306711
174.851471 -41.302844
174.855120 -41.298978
174.858768 -41.295111
174.862416 -41.291244
174.866063 -41.287377
174.869710 -41.283510
174.873356 -41.279643
174.877002 -41.275776
174.880648 -41.271908
174.884293 -41.268041
174.887938 -41.264173
174.891582 -41.260305
174.895226 -41.256437
174.898869 -41.252569
174.902512 -41.248701
174.906155 -41.244833
174.909797 -41.240964
174.913439 -41.237096
174.917080 -41.233227
174.920721 -41.229359
174.924361 -41.225490
174.928001 -41.221621
174.931640 -41.217752
174.935280 -41.213883
174.938918 -41.210014
174.942556 -41.206144
174.946194 -41.202275
174.949832 -41.198405
174.953469 -41.194535
174.957105 -41.190665
174.960741 -41.186795
174.964377 -41.182925
174.968012 -41.179055
174.971647 -41.175185
174.975281 -41.171314
174.978915 -41.167444
174.982549 -41.163573
174.986182 -41.159703
174.989814 -41.155832
174.993447 -41.151961
174.997079 -41.148090
175.000710 -41.144218
175.004341 -41.140347
175.007971 -41.136476
175.011601 -41.132604
175.015231 -41.128732
175.018860 -41.124861
175.022489 -41.120989
175.026117 -41.117117
175.029745 -41.113245
175.033373 -41.109372
175.037000 -41.105500
176.460000 -40.121400
176.465063 -40.118843
176.470126 -40.116285
176.475188 -40.113728
176.480250 -40.111170
176.485312 -40.108612
176.490373 -40.106054
176.495434 -40.103495
176.500495 -40.100936
176.505555 -40.098377
176.510615 -40.095818
176.515674 -40.093259
176.520733 -40.090699
176.525791 -40.088139
176.530850 -40.085579
176.535907 -40.083019
176.540965 -40.080458
176.546022 -40.077898
176.551079 -40.075337
176.556135 -40.072776
176.561191 -40.070214
176.566247 -40.067653
176.571302 -40.065091
176.576356 -40.062529
176.581411 -40.059967
176.586465 -40.057404
176.591519 -40.054841
176.596572 -40.052279
176.601625 -40.049715
176.606677 -40.047152
176.611729 -40.044588
176.616781 -40.042025
176.621833 -40.039461
176.626883 -40.036896
176.631934 -40.034332
176.636984 -40.031767
176.642034 -40.029202
176.647084 -40.026637
176.652133 -40.024072
176.657181 -40.021506
176.662230 -40.018941
176.667278 -40.016375
176.672325 -40.013809
176.677373 -40.011242
176.682419 -40.008675
176.687466 -40.006109
176.692512 -40.003542
176.697558 -40.000974
176.702603 -39.998407
176.707648 -39.995839
176.712692 -39.993271
176.717736 -39.990703
176.722780 -39.988135
176.727824 -39.985566
176.732867 -39.982997
176.737909 -39.980428
176.742952 -39.977859
176.747993 -39.975289
176.753035 -39.972720
176.758076 -39.970150
176.763117 -39.967580
176.768157 -39.965009
176.773197 -39.962439
176.778237 -39.959868
176.783276 -39.957297
176.788315 -39.954726
176.793353 -39.952154
176.798391 -39.949582
176.803429 -39.947011
176.808466 -39.944438
176.813503 -39.941866
176.818540 -39.939294
176.823576 -39.936721
176.828612 -39.934148
176.833647 -39.931575
176.838683 -39.929001
176.843717 -39.926428
176.848752 -39.923854
176.853785 -39.921280
176.858819 -39.918705
176.863852 -39.916131
176.868885 -39.913556
176.873917 -39.910981
176.878949 -39.908406
176.883981 -39.905831
176.889012 -39.903255
176.894043 -39.900679
176.899074 -39.898103
176.904104 -39.895527
176.909134 -39.892951
176.914163 -39.890374
176.919192 -39.887797
176.924221 -39.885220
176.929249 -39.882643
176.934277 -39.880065
176.939304 -39.877487
176.944331 -39.874910
176.949358 -39.872331
176.954385 -39.869753
176.959411 -39.867174
176.964436 -39.864595
176.969461 -39.862016
176.974486 -39.859437
176.979511 -39.856858
176.984535 -39.854278
176.989559 -39.851698
176.994582 -39.849118
176.999605 -39.846537
177.004627 -39.843957
177.009650 -39.841376
177.014672 -39.838795
177.019693 -39.836214
177.024714 -39.833632
177.029735 -39.831051
177.034755 -39.828469
177.039775 -39.825887
177.044795 -39.823305
177.049814 -39.820722
177.054833 -39.818139
177.059851 -39.815556
177.064869 -39.812973
177.069887 -39.810390
177.074904 -39.807806
177.079921 -39.805222
177.084938 -39.802638
177.089954 -39.800054
177.094970 -39.797470
177.099985 -39.794885
177.105000 -39.792300
170.108000 -43.428700
