171.53515390 -40.63789486
171.54323444 -40.63186778
171.55131351 -40.62584009
171.55939110 -40.61981178
171.56746721 -40.61378286
171.57554183 -40.60775333
171.58361498 -40.60172318
171.59168666 -40.59569243
171.59975686 -40.58966106
171.60782558 -40.58362907
171.61589282 -40.57759648
171.62395859 -40.57156328
171.63202289 -40.56552947
171.64008571 -40.55949505
171.64814706 -40.55346002
171.65620693 -40.54742438
171.66426533 -40.54138814
171.67232226 -40.53535128
171.68037772 -40.52931382
171.68843170 -40.52327575
171.69664986 -40.51800994
171.70486670 -40.51274352
171.71308223 -40.50747648
171.72129645 -40.50220880
171.72950938 -40.49694050
171.73772103 -40.49167157
171.74636525 -40.48613877
171.75500804 -40.48060528
171.76364939 -40.47507109
171.77228930 -40.46953621
171.78092778 -40.46400064
171.78956483 -40.45846438
171.79820044 -40.45292742
171.80683462 -40.44738977
171.81605024 -40.44194675
171.82526436 -40.43650294
171.83447699 -40.43105835
171.84368811 -40.42561298
171.85289774 -40.42016682
171.86210588 -40.41471987
171.87131251 -40.40927215
171.88051765 -40.40382364
171.88986971 -40.39839202
171.89922025 -40.39295959
171.90856927 -40.38752636
171.91791677 -40.38209232
171.92726275 -40.37665748
171.93660723 -40.37122183
171.94595019 -40.36578538
171.95529165 -40.36034812
171.96463159 -40.35491006
171.97397003 -40.34947120
171.98330695 -40.34403153
171.99233754 -40.33967983
172.00136696 -40.33532738
172.01039521 -40.33097419
172.01942230 -40.32662026
172.02844823 -40.32226558
172.03717616 -40.31815271
172.04590302 -40.31403914
172.05462883 -40.30992488
172.06335358 -40.30580992
172.07207727 -40.30169427
172.08079991 -40.29757793
172.08952152 -40.29346089
172.09934350 -40.28902972
172.10916419 -40.28459767
172.11898361 -40.28016474
172.12880175 -40.27573094
172.13861861 -40.27129626
172.14843420 -40.26686071
172.15824850 -40.26242428
172.16806153 -40.25798697
172.17787329 -40.25354879
172.18768377 -40.24910974
172.19749297 -40.24466981
172.20730087 -40.24022900
172.21710749 -40.23578733
172.22701166 -40.23166742
172.23691464 -40.22754663
172.24681643 -40.22342495
172.25671703 -40.21930238
172.26661644 -40.21517892
172.27651465 -40.21105458
172.28641168 -40.20692936
172.29630752 -40.20280324
172.30620216 -40.19867625
172.31609562 -40.19454836
172.32598789 -40.19041960
172.33587897 -40.18628994
172.34576886 -40.18215941
172.35565756 -40.17802799
172.36555742 -40.17425610
172.37545620 -40.17048333
172.38535390 -40.16670967
172.39525051 -40.16293513
172.40514602 -40.15915971
172.41504044 -40.15538340
172.42493377 -40.15160622
172.43482602 -40.14782815
172.44471718 -40.14404920
172.45460726 -40.14026938
172.46449626 -40.13648867
172.47438417 -40.13270709
172.48427100 -40.12892462
172.49415675 -40.12514128
172.50404141 -40.12135706
172.51392498 -40.11757197
172.52380746 -40.11378599
172.53388966 -40.10944217
172.54397059 -40.10509743
172.55405024 -40.10075178
172.56412862 -40.09640521
172.57420573 -40.09205773
172.58428156 -40.08770933
172.59435611 -40.08336003
172.60442939 -40.07900980
172.61450139 -40.07465866
172.62457212 -40.07030661
172.63464158 -40.06595365
172.64470975 -40.06159977
172.65477666 -40.05724498
172.66484228 -40.05288928
172.67490664 -40.04853267
172.68469001 -40.04434120
172.69447219 -40.04014888
172.70425317 -40.03595569
172.71403297 -40.03176164
172.72381157 -40.02756672
172.73358898 -40.02337095
172.74336519 -40.01917433
172.75314022 -40.01497684
172.76291405 -40.01077849
172.77268669 -40.00657929
172.78153306 -40.00087667
172.79037796 -39.99517335
172.79922137 -39.98946932
172.80806331 -39.98376457
172.81633655 -39.97782007
172.82460835 -39.97187494
172.83287869 -39.96592919
172.84114759 -39.95998281
172.84941504 -39.95403580
172.85768105 -39.94808817
172.86594561 -39.94213992
172.87420872 -39.93619104
172.88247038 -39.93024154
172.88874508 -39.92417082
172.89501865 -39.91809973
172.90129110 -39.91202827
172.90756241 -39.90595644
172.91220923 -39.89911756
172.91685509 -39.89227847
172.92150000 -39.88543918
172.92614395 -39.87859968
172.93078696 -39.87175997
172.93542902 -39.86492005
172.94007012 -39.85807992
172.94528994 -39.85111209
172.95050868 -39.84414399
172.95572634 -39.83717563
172.96094291 -39.83020701
172.96615840 -39.82323813
172.97137280 -39.81626899
172.97658612 -39.80929959
172.98179837 -39.80232994
172.98267214 -39.79430826
172.98354568 -39.78628658
172.98441898 -39.77826488
172.98529204 -39.77024317
172.98616487 -39.76222145
172.98703746 -39.75419972
172.98693448 -39.74542366
172.98683149 -39.73664760
172.98672848 -39.72787153
172.98662546 -39.71909546
172.98652243 -39.71031939
172.98641938 -39.70154332
172.98631631 -39.69276725
172.98621323 -39.68399119
172.98611013 -39.67521512
172.98600702 -39.66643905
172.98590389 -39.65766298
172.98580074 -39.64888691
172.98569759 -39.64011084
172.98592577 -39.63121403
172.98615385 -39.62231721
172.98638183 -39.61342040
172.98660970 -39.60452358
172.98683746 -39.59562676
172.98706509 -39.58672998
172.98729262 -39.57783319
172.98752005 -39.56893639
172.98774737 -39.56003960
172.98797459 -39.55114279
172.98820171 -39.54224599
172.98842873 -39.53334918
172.98865564 -39.52445236
172.98888245 -39.51555554
172.98910916 -39.50665872
172.98933576 -39.49776189
172.98956225 -39.48886507
172.98978864 -39.47996825
172.99001492 -39.47107141
172.99024110 -39.46217458
172.99046718 -39.45327774
172.99069316 -39.44438090
172.99265010 -39.43574627
172.99460652 -39.42711159
172.99656240 -39.41847686
172.99851776 -39.40984209
173.00047258 -39.40120727
173.00242684 -39.39257242
173.00438054 -39.38393753
173.00633371 -39.37530259
173.00828635 -39.36666760
173.01023846 -39.35803257
173.01219005 -39.34939749
173.01414111 -39.34076236
173.01609164 -39.33212718
173.01804164 -39.32349196
173.01999112 -39.31485668
173.02194007 -39.30622136
173.02388849 -39.29758600
173.02701569 -39.28946112
173.03014212 -39.28133614
173.03326779 -39.27321105
173.03639269 -39.26508585
173.03951683 -39.25696055
173.04264020 -39.24883514
173.04576281 -39.24070963
173.04888466 -39.23258401
173.05200574 -39.22445829
173.05512605 -39.21633246
173.05824561 -39.20820652
173.06282660 -39.20045807
173.06740652 -39.19270941
173.07198537 -39.18496055
173.07656318 -39.17721147
173.08113994 -39.16946218
173.08571566 -39.16171268
173.09029034 -39.15396297
173.09486398 -39.14621305
173.09943658 -39.13846291
173.10400816 -39.13071257
173.11050586 -39.12342253
173.11700220 -39.11613209
173.12349717 -39.10884125
173.12999077 -39.10155000
173.13648299 -39.09425835
173.14297383 -39.08696629
173.14946330 -39.07967383
173.15595141 -39.07238097
173.16243815 -39.06508770
173.16892353 -39.05779403
173.17540754 -39.05049996
173.18189019 -39.04320549
173.18837148 -39.03591061
173.19485141 -39.02861534
173.20132998 -39.02131966
173.20780719 -39.01402358
173.21428305 -39.00672710
173.22075754 -38.99943022
173.22723066 -38.99213294
173.23370241 -38.98483526
173.24017280 -38.97753717
173.24664184 -38.97023869
173.25310953 -38.96293981
173.25957585 -38.95564053
173.26604083 -38.94834085
173.27250445 -38.94104077
173.27896672 -38.93374029
173.28685751 -38.92775891
173.29474695 -38.92177696
173.30263507 -38.91579444
173.31052187 -38.90981134
173.31840733 -38.90382767
173.32629146 -38.89784342
173.33417423 -38.89185860
173.34205567 -38.88587320
173.34993578 -38.87988724
173.35781455 -38.87390070
173.36569200 -38.86791358
173.37356811 -38.86192590
173.38144290 -38.85593765
173.38936963 -38.84994861
173.39729502 -38.84395900
173.40521909 -38.83796881
173.41314183 -38.83197804
173.42106323 -38.82598670
173.42898329 -38.81999479
173.43690201 -38.81400229
173.44481941 -38.80800922
173.45273546 -38.80201558
173.46065018 -38.79602136
173.46856355 -38.79002656
173.47728065 -38.78521895
173.48599658 -38.78041065
173.49471134 -38.77560167
173.50342493 -38.77079200
173.51213737 -38.76598165
173.52084863 -38.76117062
173.52955873 -38.75635891
173.53826767 -38.75154651
173.54697543 -38.74673342
173.55568204 -38.74191966
173.56324241 -38.73666469
173.57080168 -38.73140919
173.57835983 -38.72615318
173.58591687 -38.72089664
173.59347281 -38.71563959
173.60102763 -38.71038202
173.60858136 -38.70512393
173.61613398 -38.69986532
173.62538845 -38.69511026
173.63464171 -38.69035443
173.64389374 -38.68559783
173.65314456 -38.68084047
173.66239416 -38.67608234
173.67164254 -38.67132345
173.68088970 -38.66656379
173.69013565 -38.66180337
173.69938037 -38.65704218
173.70862388 -38.65228024
173.71786617 -38.64751753
173.72710725 -38.64275405
173.73634711 -38.63798982
173.74558575 -38.63322482
173.75482318 -38.62845906
173.76405938 -38.62369254
173.77329438 -38.61892526
173.78252815 -38.61415721
173.79176071 -38.60938841
173.80099206 -38.60461885
173.81078376 -38.60032101
173.82057430 -38.59602232
173.83036369 -38.59172279
173.84015191 -38.58742241
173.84993899 -38.58312118
173.85972490 -38.57881910
173.86950966 -38.57451617
173.87929326 -38.57021240
173.88907571 -38.56590778
173.89885700 -38.56160232
173.90863713 -38.55729601
173.91841611 -38.55298885
173.92819392 -38.54868085
173.93797059 -38.54437201
173.94774609 -38.54006232
173.95752044 -38.53575179
173.96729364 -38.53144041
173.97706567 -38.52712819
173.98683655 -38.52281513
173.99660628 -38.51850122
174.00637485 -38.51418648
174.01614226 -38.50987091
174.02590852 -38.50555449
174.03567362 -38.50123723
174.04543757 -38.49691913
174.05520035 -38.49260018
174.06496198 -38.48828039
174.07472246 -38.48395977
174.08448177 -38.47963830
174.09481682 -38.47585546
174.10515080 -38.47207169
174.11548372 -38.46828698
174.12581557 -38.46450134
174.13614635 -38.46071476
174.14647606 -38.45692725
174.15680471 -38.45313881
174.16713229 -38.44934943
174.17745881 -38.44555912
174.18778425 -38.44176787
174.19810863 -38.43797569
174.20843194 -38.43418259
174.21875418 -38.43038856
174.22907536 -38.42659359
174.23885577 -38.42224587
174.24863502 -38.41789731
174.25841310 -38.41354791
174.26819002 -38.40919767
174.27796577 -38.40484659
174.28774036 -38.40049468
174.29751378 -38.39614192
174.30728605 -38.39178833
174.31705714 -38.38743391
174.32682708 -38.38307865
174.33659584 -38.37872255
174.34636345 -38.37436562
174.35612989 -38.37000785
174.36550157 -38.36547997
174.37487209 -38.36095132
174.38424145 -38.35642190
174.39360965 -38.35189170
174.40297668 -38.34736074
174.41234255 -38.34282902
174.42170725 -38.33829652
174.43107080 -38.33376325
174.44043318 -38.32922922
174.44979440 -38.32469442
174.45915446 -38.32015885
174.46851336 -38.31562251
174.47774482 -38.31074652
174.48697506 -38.30586978
174.49620406 -38.30099229
174.50543182 -38.29611405
174.51465835 -38.29123508
174.52388365 -38.28635535
174.53310772 -38.28147488
174.54233055 -38.27659366
174.55155215 -38.27171170
174.56077252 -38.26682900
174.56999166 -38.26194555
174.57920956 -38.25706136
174.58842624 -38.25217642
174.59764168 -38.24729075
174.60644403 -38.24175681
174.61524505 -38.23622219
174.62404474 -38.23068689
174.63284308 -38.22515091
174.64164010 -38.21961425
174.65043578 -38.21407691
174.65923012 -38.20853890
174.66802314 -38.20300020
174.67681481 -38.19746083
174.68560516 -38.19192078
174.69439417 -38.18638005
174.70318185 -38.18083865
174.71151935 -38.17512655
174.71985555 -38.16941385
174.72819044 -38.16370054
174.73652403 -38.15798662
174.74485631 -38.15227209
174.75318729 -38.14655695
174.76151696 -38.14084120
174.76984533 -38.13512484
174.77817239 -38.12940788
174.78605501 -38.12354345
174.79393635 -38.11767848
174.80181643 -38.11181297
174.80969525 -38.10594691
174.81757280 -38.10008030
174.82544908 -38.09421314
174.83332410 -38.08834543
174.84119785 -38.08247718
174.84907034 -38.07660838
174.85694156 -38.07073904
174.86481152 -38.06486915
174.87268022 -38.05899872
174.88054765 -38.05312775
174.88681338 -38.04646704
174.89307796 -38.03980598
174.89934140 -38.03314458
174.90560369 -38.02648283
174.91186484 -38.01982074
174.91812484 -38.01315830
174.92481439 -38.00721494
174.93150284 -38.00127120
174.93819022 -37.99532706
174.94487650 -37.98938253
174.95156171 -37.98343761
174.95824582 -37.97749229
174.96267452 -37.96954406
174.96710225 -37.96159564
174.97152901 -37.95364705
174.97595480 -37.94569828
174.98037963 -37.93774933
174.98480349 -37.92980020
174.98922639 -37.92185090
174.99364832 -37.91390141
174.99806929 -37.90595175
175.00248929 -37.89800191
175.00690833 -37.89005190
175.01132641 -37.88210171
175.01574352 -37.87415135
175.02015967 -37.86620081
175.02457486 -37.85825009
175.02898908 -37.85029920
175.03340235 -37.84234813
175.03781465 -37.83439689
175.04222599 -37.82644547
175.04663637 -37.81849388
175.04917091 -37.80978297
175.05170483 -37.80107200
175.05423816 -37.79236098
175.05677088 -37.78364991
175.05930299 -37.77493878
175.06183450 -37.76622759
175.06436541 -37.75751633
175.06689571 -37.74880500
175.06942540 -37.74009362
175.07195449 -37.73138217
175.07612896 -37.72386293
175.08030257 -37.71634354
175.08447533 -37.70882400
175.08864723 -37.70130429
175.09281829 -37.69378444
175.09698850 -37.68626443
175.10115785 -37.67874427
175.10532636 -37.67122395
175.10949402 -37.66370348
175.11366083 -37.65618284
175.11782679 -37.64866206
175.12071312 -37.64047631
175.12359881 -37.63229048
175.12648386 -37.62410457
175.12936826 -37.61591859
175.13225203 -37.60773253
175.13513515 -37.59954639
175.13801761 -37.59136015
175.14089942 -37.58317383
175.14378059 -37.57498743
175.14666112 -37.56680095
175.14954101 -37.55861439
175.15129188 -37.55063050
175.15304236 -37.54264658
175.15479246 -37.53466263
175.15654219 -37.52667864
175.15829153 -37.51869463
175.16004049 -37.51071058
175.16178907 -37.50272650
175.16353726 -37.49474239
175.16528508 -37.48675824
175.16816650 -37.47878783
175.17104729 -37.47081735
175.17392747 -37.46284680
175.17680702 -37.45487616
175.17968596 -37.44690546
175.18256427 -37.43893467
175.18544197 -37.43096381
175.18831905 -37.42299287
175.19119550 -37.41502186
175.19407134 -37.40705077
175.19694656 -37.39907960
175.20018627 -37.39119741
175.20342530 -37.38331512
175.20666364 -37.37543274
175.20990129 -37.36755026
175.21313826 -37.35966769
175.21637454 -37.35178503
175.21961013 -37.34390227
175.22284504 -37.33601941
175.22607926 -37.32813646
175.22922489 -37.31972521
175.23236981 -37.31131386
175.23551402 -37.30290243
175.23865752 -37.29449090
175.24180031 -37.28607929
175.24494239 -37.27766759
175.24808376 -37.26925579
175.25273727 -37.26149433
175.25738982 -37.25373267
175.26204140 -37.24597083
175.26669202 -37.23820879
175.27134167 -37.23044657
175.27599035 -37.22268416
175.28063808 -37.21492156
175.28545164 -37.20742328
175.29026425 -37.19992479
175.29507587 -37.19242610
175.29988653 -37.18492722
175.30469624 -37.17742814
175.30950498 -37.16992886
175.31431277 -37.16242938
175.32022454 -37.15542668
175.32613521 -37.14842367
175.33204477 -37.14142036
175.33795323 -37.13441675
175.34386060 -37.12741285
175.34976686 -37.12040864
175.35567201 -37.11340413
175.36270969 -37.10745728
175.36974625 -37.10151001
175.37678170 -37.09556231
175.38381604 -37.08961419
175.39084926 -37.08366565
175.39788137 -37.07771668
175.40491238 -37.07176729
175.41194229 -37.06581747
175.41897109 -37.05986723
175.42599877 -37.05391656
175.43490411 -37.04861440
175.44380820 -37.04331155
175.45271102 -37.03800803
175.46161260 -37.03270383
175.47051291 -37.02739896
175.47941197 -37.02209341
175.48830978 -37.01678719
175.49720632 -37.01148029
175.50610161 -37.00617273
175.51396101 -36.99998449
175.52181912 -36.99379574
175.52967593 -36.98760645
175.53753145 -36.98141664
175.54538567 -36.97522631
175.55323861 -36.96903545
175.56109025 -36.96284408
175.57026857 -36.95774073
175.57944565 -36.95263667
175.58862148 -36.94753189
175.59779606 -36.94242640
175.60696940 -36.93732022
175.61614150 -36.93221333
175.62450664 -36.92696274
175.63287061 -36.92171156
175.64123341 -36.91645979
175.64959506 -36.91120742
175.65795553 -36.90595446
175.66631485 -36.90070091
175.67467301 -36.89544677
175.68303000 -36.89019205
175.68876156 -36.88494100
175.69449232 -36.87968966
175.70022228 -36.87443806
175.70595145 -36.86918617
175.71293930 -36.86314220
175.71992603 -36.85709782
175.72691165 -36.85105303
175.73389615 -36.84500782
175.74087953 -36.83896221
175.74717488 -36.83273352
175.75346920 -36.82650450
175.75976249 -36.82027515
175.76605474 -36.81404547
175.77234595 -36.80781546
175.77863613 -36.80158512
175.78588088 -36.79567797
175.79312451 -36.78977038
175.80036700 -36.78386236
175.80760833 -36.77795396
175.81484854 -36.77204512
175.82208761 -36.76613584
175.82932556 -36.76022613
175.83656237 -36.75431597
175.84379806 -36.74840538
175.85103261 -36.74249436
175.85716031 -36.73560957
175.86328689 -36.72872448
175.86941236 -36.72183908
175.87553672 -36.71495337
175.88165998 -36.70806736
175.88778212 -36.70118103
175.89390315 -36.69429441
175.90002307 -36.68740749
175.90614188 -36.68052027
175.91225958 -36.67363273
175.91837618 -36.66674489
175.92449167 -36.65985673
175.93060605 -36.65296827
175.93671933 -36.64607950
175.94283151 -36.63919043
175.94862575 -36.63161175
175.95441884 -36.62403279
175.96021078 -36.61645357
175.96600157 -36.60887407
175.97179122 -36.60129430
175.97757971 -36.59371426
175.98336705 -36.58613394
175.98915325 -36.57855336
175.99873678 -36.57430733
176.00831924 -36.57006053
176.01790063 -36.56581295
176.02748094 -36.56156459
176.03706017 -36.55731546
176.04663832 -36.55306556
176.05621538 -36.54881488
176.06704315 -36.54718690
176.07787044 -36.54555791
176.08869725 -36.54392792
176.09952358 -36.54229693
176.11034942 -36.54066495
176.12117478 -36.53903196
176.13199966 -36.53739797
176.14227905 -36.53925441
176.15255892 -36.54110995
176.16283928 -36.54296457
176.17312013 -36.54481828
176.18340146 -36.54667107
176.19368328 -36.54852296
176.20396558 -36.55037394
176.21424839 -36.55222401
176.22400674 -36.55580087
176.23376601 -36.55937691
176.24352618 -36.56295212
176.25328726 -36.56652650
176.26304924 -36.57010006
176.27281213 -36.57367279
176.28257593 -36.57724469
176.29234064 -36.58081577
176.30210626 -36.58438602
176.31187279 -36.58795544
176.32164022 -36.59152403
176.33140857 -36.59509180
176.34117782 -36.59865874
176.35094798 -36.60222484
176.35908963 -36.60764553
176.36723244 -36.61306563
176.37537641 -36.61848516
176.38352155 -36.62390411
176.39166785 -36.62932247
176.39981531 -36.63474026
176.40796395 -36.64015748
176.41611375 -36.64557411
176.42426471 -36.65099017
176.43241684 -36.65640564
176.44057013 -36.66182053
176.44872458 -36.66723484
176.45688020 -36.67264857
176.46503699 -36.67806172
176.47319494 -36.68347429
176.48135405 -36.68888627
176.48951433 -36.69429768
176.49767578 -36.69970849
176.50574396 -36.70571813
176.51381343 -36.71172721
176.52188418 -36.71773572
176.52995621 -36.72374365
176.53802953 -36.72975102
176.54610413 -36.73575781
176.55418002 -36.74176403
176.56225719 -36.74776968
176.57033565 -36.75377476
176.57841540 -36.75977926
176.58649643 -36.76578320
176.59457874 -36.77178656
176.60266235 -36.77778935
176.61074724 -36.78379156
176.61883341 -36.78979321
176.62692088 -36.79579428
176.63410495 -36.80265258
176.64129034 -36.80951041
176.64847705 -36.81636779
176.65566506 -36.82322471
176.66285440 -36.83008118
176.67004504 -36.83693719
176.67723700 -36.84379275
176.68443028 -36.85064785
176.69162488 -36.85750250
176.69882079 -36.86435669
176.70601801 -36.87121045
176.71321656 -36.87806375
176.72041641 -36.88491660
176.72761759 -36.89176900
176.73482008 -36.89862093
176.74202390 -36.90547241
176.74922903 -36.91232342
176.75643548 -36.91917398
176.76364325 -36.92602408
176.77085235 -36.93287372
176.77806276 -36.93972291
176.78527449 -36.94657163
176.79248755 -36.95341990
176.79970192 -36.96026771
176.80691762 -36.96711506
176.81413464 -36.97396195
176.82135299 -36.98080838
167.47828798 -47.38959363
167.48463938 -47.38225315
167.49098901 -47.37491230
167.49733688 -47.36757108
167.50368298 -47.36022949
167.51002732 -47.35288753
167.51711667 -47.34553462
167.52420406 -47.33818126
167.53128947 -47.33082744
167.53837292 -47.32347316
167.54545440 -47.31611843
167.55253392 -47.30876324
167.55961147 -47.30140759
167.56668707 -47.29405149
167.57224315 -47.28671833
167.57779770 -47.27938489
167.58335071 -47.27205116
167.58890219 -47.26471714
167.59445213 -47.25738284
167.60000055 -47.25004825
167.60554743 -47.24271338
167.60720385 -47.23744471
167.60885993 -47.23217600
167.61628487 -47.22535351
167.62370790 -47.21853053
167.63112904 -47.21170705
167.63854827 -47.20488307
167.64596561 -47.19805859
167.65423482 -47.19111911
167.66250189 -47.18417901
167.67076680 -47.17723830
167.68062616 -47.17175007
167.69048350 -47.16626099
167.70033881 -47.16077105
167.71019211 -47.15528025
167.71729586 -47.14817905
167.72439773 -47.14107741
167.73149772 -47.13397531
167.73859581 -47.12687275
167.74569203 -47.11976974
167.75278636 -47.11266627
167.75987880 -47.10556235
167.76696937 -47.09845797
167.77405805 -47.09135314
167.78076558 -47.08450577
167.78747139 -47.07765799
167.79417548 -47.07080980
167.80087787 -47.06396121
167.80757854 -47.05711221
167.81427751 -47.05026281
167.82097477 -47.04341300
167.82767031 -47.03656279
167.83559396 -47.03003341
167.84351569 -47.02350347
167.85143549 -47.01697298
167.85935337 -47.01044192
167.86726932 -47.00391031
167.87518335 -46.99737814
167.88309546 -46.99084540
167.89100564 -46.98431211
167.89891391 -46.97777826
167.90682027 -46.97124385
167.91472472 -46.96470889
167.92243741 -46.95906811
167.93014849 -46.95342681
167.93785796 -46.94778497
167.94556581 -46.94214262
167.95327205 -46.93649974
167.96097668 -46.93085633
167.96707550 -46.92472800
167.97317293 -46.91859934
167.98212499 -46.91252816
167.99107504 -46.90645627
168.00002307 -46.90038367
168.00896911 -46.89431037
168.01791313 -46.88823635
168.02637994 -46.88244736
168.03484493 -46.87665773
168.04330811 -46.87086748
168.05176948 -46.86507659
168.06022904 -46.85928507
168.06868678 -46.85349292
168.07714272 -46.84770014
168.08521370 -46.84086839
168.09328264 -46.83403607
168.10134955 -46.82720317
168.10941445 -46.82036971
168.11747731 -46.81353566
168.12553814 -46.80670104
168.13359694 -46.79986584
168.14165371 -46.79303006
168.14970845 -46.78619371
168.15776117 -46.77935678
168.16581185 -46.77251928
168.17386051 -46.76568120
168.18190714 -46.75884254
168.18995175 -46.75200332
168.19799433 -46.74516351
168.20603491 -46.73832315
168.21407348 -46.73148221
168.22211003 -46.72464071
168.23014456 -46.71779863
168.23914995 -46.71191612
168.24815340 -46.70603290
168.25715490 -46.70014897
168.26615449 -46.69426433
168.27515215 -46.68837899
168.28414786 -46.68249294
168.29314163 -46.67660619
168.30213345 -46.67071872
168.31112334 -46.66483054
168.32011127 -46.65894166
168.32909727 -46.65305207
168.33656332 -46.64622298
168.34402751 -46.63939339
168.35148982 -46.63256332
168.35895027 -46.62573275
168.36640885 -46.61890169
168.37386557 -46.61207013
168.38132043 -46.60523808
168.38877342 -46.59840554
168.39694061 -46.59232057
168.40510597 -46.58623502
168.41326949 -46.58014889
168.42143120 -46.57406217
168.42423755 -46.56841469
168.42704332 -46.56276713
168.43631787 -46.55827630
168.44559090 -46.55378473
168.45486240 -46.54929241
168.46413238 -46.54479933
168.47340084 -46.54030551
168.48266777 -46.53581094
168.49170772 -46.52984031
168.50074570 -46.52386897
168.50978169 -46.51789692
168.51881570 -46.51192415
168.52784774 -46.50595066
168.53687782 -46.49997646
168.54590590 -46.49400155
168.55614321 -46.48850483
168.56637848 -46.48300719
168.57661170 -46.47750863
168.58684287 -46.47200915
168.59707199 -46.46650876
168.60729906 -46.46100745
168.61752409 -46.45550523
168.62774707 -46.45000210
168.63796800 -46.44449804
168.64818689 -46.43899308
168.65840373 -46.43348720
168.66861853 -46.42798041
168.67883128 -46.42247270
168.68904198 -46.41696409
168.69925065 -46.41145456
168.70945726 -46.40594411
168.71966182 -46.40043274
168.72986435 -46.39492047
168.74006485 -46.38940728
168.75026329 -46.38389319
168.76045970 -46.37837819
168.77065407 -46.37286229
168.78084639 -46.36734548
168.79103668 -46.36182777
168.80122493 -46.35630915
168.81141113 -46.35078963
168.82131746 -46.34602240
168.83122208 -46.34125433
168.84112498 -46.33648540
168.85102618 -46.33171562
168.86092566 -46.32694498
168.87082342 -46.32217350
168.88071948 -46.31740116
168.89061382 -46.31262797
168.90050645 -46.30785392
168.91089914 -46.30439815
168.92129053 -46.30094144
168.93168061 -46.29748379
168.94206939 -46.29402520
168.95245687 -46.29056567
168.96284303 -46.28710520
168.97322790 -46.28364381
168.98361145 -46.28018147
168.99440199 -46.27754905
169.00519149 -46.27491562
169.01597995 -46.27228120
169.02676738 -46.26964576
169.03755377 -46.26700931
169.04833912 -46.26437186
169.05912344 -46.26173341
169.07081154 -46.25964129
169.08249875 -46.25754798
169.09418506 -46.25545350
169.10587048 -46.25335783
169.11755500 -46.25126099
169.12820540 -46.24954243
169.13885513 -46.24782290
169.14950419 -46.24610238
169.16015258 -46.24438088
169.17080030 -46.24265840
169.18144734 -46.24093494
169.19278554 -46.23864255
169.20412280 -46.23634904
169.21545911 -46.23405442
169.22679447 -46.23175869
169.23812888 -46.22946184
169.24946234 -46.22716389
169.26079485 -46.22486482
169.27191215 -46.22133250
169.28302803 -46.21779911
169.29414248 -46.21426465
169.30525552 -46.21072912
169.31636713 -46.20719252
169.32747732 -46.20365486
169.33858608 -46.20011613
169.34873224 -46.19627459
169.35887699 -46.19243218
169.36902032 -46.18858887
169.37916224 -46.18474468
169.38930276 -46.18089960
169.39944186 -46.17705364
169.40957956 -46.17320678
169.41975840 -46.16946243
169.42993587 -46.16571718
169.44011196 -46.16197104
169.45028667 -46.15822401
169.46046000 -46.15447608
169.47063195 -46.15072727
169.47989493 -46.14687135
169.48915661 -46.14301469
169.49841700 -46.13915730
169.50767610 -46.13529916
169.51693390 -46.13144027
169.52619041 -46.12758065
169.53554912 -46.12172657
169.54490585 -46.11587172
169.55426061 -46.11001612
169.56361341 -46.10415976
169.57296424 -46.09830265
169.58231310 -46.09244478
169.59166000 -46.08658615
169.60035169 -46.07998492
169.60904132 -46.07338303
169.61772889 -46.06678049
169.62641440 -46.06017729
169.63509787 -46.05357344
169.64377928 -46.04696893
169.65245864 -46.04036377
169.66113595 -46.03375795
169.66869119 -46.02729885
169.67624469 -46.02083925
169.68379644 -46.01437916
169.69134645 -46.00791857
169.69889472 -46.00145749
169.70644126 -45.99499591
169.71398606 -45.98853384
169.72152913 -45.98207128
169.72590670 -45.97475896
169.73028313 -45.96744646
169.73465843 -45.96013378
169.73903261 -45.95282093
169.74340565 -45.94550791
169.74893849 -45.93819466
169.75446990 -45.93088113
169.75999988 -45.92356734
169.76552842 -45.91625327
169.77105554 -45.90893893
169.77658123 -45.90162432
169.78356411 -45.89466652
169.79054527 -45.88770828
169.79752471 -45.88074962
169.80450240 -45.87379054
169.81147836 -45.86683103
169.81845260 -45.85987109
169.82426872 -45.85327688
169.83008347 -45.84668238
169.83589687 -45.84008758
169.84170891 -45.83349248
169.84751960 -45.82689708
169.85332893 -45.82030138
169.85906686 -45.81342561
169.86480341 -45.80654955
169.87053856 -45.79967319
169.87627233 -45.79279654
169.88200471 -45.78591959
169.88773571 -45.77904236
169.89346531 -45.77216483
169.89919352 -45.76528701
169.90634575 -45.75880338
169.91349634 -45.75231931
169.92064529 -45.74583479
169.92779260 -45.73934982
169.93493828 -45.73286441
169.94208232 -45.72637856
169.94922472 -45.71989226
169.95666058 -45.71263887
169.96409455 -45.70538501
169.97152661 -45.69813066
169.97895679 -45.69087582
169.98638507 -45.68362050
169.99381146 -45.67636470
170.00123595 -45.66910842
170.00865854 -45.66185166
170.01659456 -45.65547687
170.02452880 -45.64910153
170.03246125 -45.64272564
170.04039192 -45.63634921
170.04832082 -45.62997223
170.05624793 -45.62359471
170.06417326 -45.61721664
170.07209682 -45.61083803
170.08001859 -45.60445887
170.08793859 -45.59807917
170.09594762 -45.59226093
170.10395501 -45.58644213
170.11196075 -45.58062279
170.11996485 -45.57480288
170.12796731 -45.56898242
170.13596813 -45.56316140
170.14396732 -45.55733983
170.15196486 -45.55151770
170.15983534 -45.54503695
170.16770402 -45.53855566
170.17557091 -45.53207384
170.18343601 -45.52559147
170.19129932 -45.51910857
170.19916085 -45.51262513
170.20702058 -45.50614115
170.21448539 -45.49978350
170.22194854 -45.49342537
170.22941003 -45.48706676
170.23686986 -45.48070767
170.24432803 -45.47434809
170.25178454 -45.46798803
170.25923939 -45.46162748
170.26720300 -45.45538032
170.27516487 -45.44913262
170.28312499 -45.44288436
170.29108338 -45.43663555
170.29904002 -45.43038619
170.30699493 -45.42413628
170.31404869 -45.41783138
170.32110089 -45.41152605
170.32815154 -45.40522028
170.33520063 -45.39891408
170.34224818 -45.39260745
170.34929418 -45.38630038
170.35633862 -45.37999288
170.36375515 -45.37396550
170.37117011 -45.36793764
170.37858351 -45.36190930
170.38599535 -45.35588048
170.39340563 -45.34985119
170.40081436 -45.34382142
170.40822152 -45.33779117
170.41497033 -45.33133776
170.42171762 -45.32488396
170.42846340 -45.31842975
170.43520767 -45.31197515
170.44195041 -45.30552015
170.44869165 -45.29906476
170.45543137 -45.29260897
170.46284084 -45.28623526
170.47024867 -45.27986107
170.47765486 -45.27348640
170.48505940 -45.26711125
170.49246231 -45.26073563
170.49986357 -45.25435953
170.50726319 -45.24798295
170.51386963 -45.24057979
170.52047438 -45.23317625
170.52707743 -45.22577233
170.53367879 -45.21836802
170.54027846 -45.21096333
170.54687643 -45.20355826
170.55358551 -45.19730068
170.56029313 -45.19104272
170.56699929 -45.18478436
170.57370400 -45.17852561
170.58040725 -45.17226647
170.58710905 -45.16600694
170.59380939 -45.15974701
170.59995265 -45.15217107
170.60609430 -45.14459481
170.61223434 -45.13701821
170.61837277 -45.12944128
170.62450960 -45.12186402
170.63064482 -45.11428642
170.63563329 -45.10730932
170.64062056 -45.10033199
170.64560663 -45.09335445
170.65059149 -45.08637669
170.65557516 -45.07939870
170.66055763 -45.07242049
170.66553890 -45.06544206
170.66989383 -45.05727149
170.67424754 -45.04910074
170.67860003 -45.04092981
170.68295130 -45.03275871
170.68730135 -45.02458743
170.69165019 -45.01641597
170.69714019 -45.00994983
170.70262896 -45.00348342
170.70811653 -44.99701675
170.71360289 -44.99054979
170.71908803 -44.98408257
170.72386432 -44.97623584
170.72863933 -44.96838890
170.73341305 -44.96054175
170.73818549 -44.95269439
170.74295665 -44.94484683
170.74772653 -44.93699905
170.75306556 -44.92884441
170.75840310 -44.92068951
170.76373915 -44.91253435
170.76907371 -44.90437893
170.77440679 -44.89622326
170.77973840 -44.88806732
170.78413731 -44.88092567
170.78853514 -44.87378384
170.79293191 -44.86664183
170.79732760 -44.85949965
170.80172222 -44.85235729
170.80611578 -44.84521476
170.81097184 -44.83760434
170.81582664 -44.82999371
170.82068018 -44.82238286
170.82553246 -44.81477180
170.83038348 -44.80716053
170.83523324 -44.79954904
170.83931622 -44.79152628
170.84339809 -44.78350337
170.84747885 -44.77548030
170.85155850 -44.76745708
170.85563704 -44.75943370
170.85971446 -44.75141016
170.86482983 -44.74340542
170.86994381 -44.73540044
170.87505640 -44.72739522
170.88016759 -44.71938977
170.88527740 -44.71138408
170.89038581 -44.70337816
170.89549283 -44.69537200
170.90059845 -44.68736560
170.90570270 -44.67935897
170.91128689 -44.67243250
170.91686977 -44.66550576
170.92245133 -44.65857874
170.92803157 -44.65165144
170.93361050 -44.64472387
170.93918811 -44.63779602
170.94476440 -44.63086789
170.95033938 -44.62393949
170.95582508 -44.61633443
170.96130936 -44.60872910
170.96679222 -44.60112350
170.97227366 -44.59351762
170.97775368 -44.58591146
170.98323229 -44.57830503
170.99079298 -44.57149409
170.99835191 -44.56468264
171.00590909 -44.55787070
171.01346451 -44.55105825
171.02101818 -44.54424531
171.02857010 -44.53743186
171.03612027 -44.53061792
171.04353276 -44.52359704
171.05094349 -44.51657569
171.05835245 -44.50955385
171.06575964 -44.50253153
171.07316506 -44.49550872
171.08056873 -44.48848540
171.08797063 -44.48146160
171.09537076 -44.47443732
171.10276914 -44.46741255
171.11016578 -44.46038729
171.11756065 -44.45336155
171.12495376 -44.44633533
171.13234511 -44.43930863
171.13973470 -44.43228144
171.14757685 -44.42591598
171.15541731 -44.41954997
171.16325608 -44.41318343
171.17109316 -44.40681635
171.17892854 -44.40044873
171.18676225 -44.39408054
171.19459428 -44.38771179
171.20242462 -44.38134251
171.21187879 -44.37560464
171.22133113 -44.36986599
171.23078163 -44.36412657
171.24023029 -44.35838637
171.24967712 -44.35264539
171.25912210 -44.34690364
171.26856525 -44.34116111
171.27800657 -44.33541781
171.28744605 -44.32967374
171.29688369 -44.32392889
171.30631950 -44.31818327
171.31596158 -44.31291121
171.32560193 -44.30763834
171.33524057 -44.30236466
171.34487748 -44.29709018
171.35451266 -44.29181489
171.36414612 -44.28653880
171.37377785 -44.28126190
171.38340787 -44.27598420
171.39303617 -44.27070569
171.40266276 -44.26542639
171.41228763 -44.26014631
171.42191078 -44.25486542
171.43153222 -44.24958373
171.44115194 -44.24430124
171.45076995 -44.23901794
171.46038624 -44.23373383
171.47000081 -44.22844893
171.48068568 -44.22505047
171.49136932 -44.22165101
171.50205173 -44.21825057
171.51273291 -44.21484914
171.52341286 -44.21144672
171.53409157 -44.20804330
171.54476906 -44.20463890
171.55544531 -44.20123351
171.56612034 -44.19782713
171.57679412 -44.19441976
171.58746668 -44.19101140
171.59813801 -44.18760205
171.60880812 -44.18419171
171.61947699 -44.18078037
171.63100450 -44.17739176
171.64253069 -44.17400200
171.65405555 -44.17061109
171.66557909 -44.16721903
171.67710131 -44.16382581
171.68862220 -44.16043144
171.70014178 -44.15703592
171.71166003 -44.15363924
171.72317696 -44.15024141
171.73469256 -44.14684243
171.74558547 -44.14353953
171.75647716 -44.14023560
171.76736764 -44.13693065
171.77825690 -44.13362466
171.78914494 -44.13031765
171.80003177 -44.12700961
171.81091738 -44.12370054
171.82180178 -44.12039045
171.83268495 -44.11707933
171.84356692 -44.11376719
171.85444766 -44.11045401
171.86537869 -44.10668259
171.87630832 -44.10291012
171.88723657 -44.09913663
171.89816342 -44.09536209
171.90908889 -44.09158652
171.92001296 -44.08780993
171.93093565 -44.08403230
171.94179773 -44.08118711
171.95265877 -44.07834091
171.96351876 -44.07549368
171.97437771 -44.07264542
171.98523562 -44.06979615
171.99609248 -44.06694586
172.00694829 -44.06409455
172.01780305 -44.06124222
172.02865678 -44.05838887
172.03950945 -44.05553449
172.05036108 -44.05267911
172.06141532 -44.04959342
172.07246841 -44.04650667
172.08352034 -44.04341887
172.09457113 -44.04033001
172.10562076 -44.03724009
172.11666925 -44.03414913
172.12771659 -44.03105710
172.13876277 -44.02796403
172.14980780 -44.02486989
172.16048211 -44.02198372
172.17115538 -44.01909657
172.18182760 -44.01620843
172.19249879 -44.01331930
172.20316894 -44.01042919
172.21383806 -44.00753810
172.22450613 -44.00464603
172.23517316 -44.00175297
172.24583915 -43.99885893
172.25669106 -43.99626143
172.26754201 -43.99366292
172.27839202 -43.99106339
172.28924107 -43.98846284
172.30008916 -43.98586128
172.31093631 -43.98325870
172.32178250 -43.98065510
172.33262773 -43.97805048
172.34347201 -43.97544485
172.35431534 -43.97283820
172.36642683 -43.97078776
172.37853748 -43.96873604
172.39064729 -43.96668306
172.40275625 -43.96462881
172.41486435 -43.96257330
172.42697160 -43.96051651
172.43907801 -43.95845847
172.45118357 -43.95639915
172.46328828 -43.95433857
172.47480209 -43.95153326
172.48631481 -43.94872681
172.49782644 -43.94591921
172.50933698 -43.94311047
172.52084643 -43.94030059
172.53235478 -43.93748957
172.54386205 -43.93467740
172.55526915 -43.93254406
172.56667542 -43.93040959
172.57808087 -43.92827401
172.58948549 -43.92613730
172.60088928 -43.92399946
172.61229225 -43.92186050
172.62369438 -43.91972042
172.63474821 -43.91665969
172.64580090 -43.91359791
172.65685245 -43.91053507
172.66790287 -43.90747119
172.67977275 -43.90493233
172.69164161 -43.90239226
172.70350945 -43.89985098
172.71537627 -43.89730848
172.72724207 -43.89476477
172.73853991 -43.89294188
172.74983705 -43.89111789
172.76113348 -43.88929280
172.77242921 -43.88746661
172.78372424 -43.88563932
172.79501857 -43.88381093
172.80631219 -43.88198144
172.81760510 -43.88015086
172.82901821 -43.87696838
172.84043010 -43.87378477
172.85184077 -43.87060005
172.86325021 -43.86741421
172.87465843 -43.86422725
172.88606543 -43.86103918
172.89747121 -43.85784998
172.90887576 -43.85465967
172.92027909 -43.85146825
172.92936785 -43.84737750
172.93845537 -43.84328603
172.94754165 -43.83919386
172.95791635 -43.83515665
172.96828965 -43.83111851
172.97866155 -43.82707945
172.98903205 -43.82303946
172.99940116 -43.81899855
173.00976886 -43.81495673
173.02013517 -43.81091398
173.03050008 -43.80687031
173.04086359 -43.80282571
173.05122571 -43.79878020
173.06158642 -43.79473377
173.07194573 -43.79068641
173.08230365 -43.78663814
173.09266017 -43.78258895
173.10301530 -43.77853884
173.11336904 -43.77448781
173.12372137 -43.77043586
173.13407232 -43.76638300
173.14484839 -43.76381337
173.15562354 -43.76124274
173.16639775 -43.75867111
173.17717104 -43.75609849
173.18794339 -43.75352487
173.19871481 -43.75095026
173.20948529 -43.74837465
173.22025485 -43.74579805
173.23066971 -43.74238439
173.24108338 -43.73896980
173.25149587 -43.73555429
173.26190717 -43.73213784
173.27231729 -43.72872047
173.28272621 -43.72530218
173.29313396 -43.72188295
173.30354051 -43.71846280
173.31324813 -43.71413089
173.32295436 -43.70979818
173.33265920 -43.70546466
173.34236264 -43.70113034
173.35206468 -43.69679521
173.36176533 -43.69245928
173.37146459 -43.68812255
173.38116246 -43.68378502
173.39085893 -43.67944668
173.40146272 -43.67535774
173.41206508 -43.67126784
173.42266599 -43.66717697
173.43326547 -43.66308515
173.44386351 -43.65899237
173.45446011 -43.65489863
173.46505528 -43.65080393
173.47564900 -43.64670827
173.48624129 -43.64261166
173.49683213 -43.63851409
173.50742154 -43.63441556
173.51800951 -43.63031607
173.52859604 -43.62621563
173.53923067 -43.62209213
173.54986384 -43.61796766
173.56049555 -43.61384222
173.57112582 -43.60971582
173.58175463 -43.60558846
173.59238199 -43.60146013
173.60300790 -43.59733084
173.61363236 -43.59320059
173.62425537 -43.58906937
173.63322131 -43.58497274
173.64218604 -43.58087542
173.65114956 -43.57677742
173.66011186 -43.57267874
173.66907296 -43.56857937
173.67803285 -43.56447932
