174.66390151 -37.88242530
174.67051872 -37.87564745
174.67713471 -37.86886922
174.68374948 -37.86209059
174.69036303 -37.85531157
174.69697535 -37.84853217
174.70358646 -37.84175237
174.71019634 -37.83497220
174.71680500 -37.82819163
174.72341244 -37.82141068
174.72896980 -37.81421242
174.73452607 -37.80701389
174.74008125 -37.79981508
174.74563534 -37.79261601
174.75118832 -37.78541667
174.75674022 -37.77821705
174.76229103 -37.77101716
174.76784075 -37.76381699
174.77338938 -37.75661654
174.77893693 -37.74941581
174.78448338 -37.74221481
174.78844416 -37.73416114
174.79240406 -37.72610732
174.79636309 -37.71805335
174.80032125 -37.70999923
174.80427854 -37.70194497
174.80823495 -37.69389058
174.81219049 -37.68583604
174.81647211 -37.67760407
174.82075276 -37.66937193
174.82503246 -37.66113963
174.82931119 -37.65290715
174.83358897 -37.64467451
174.83786578 -37.63644170
174.84214164 -37.62820873
174.84641653 -37.61997558
174.85069047 -37.61174227
174.85496345 -37.60350879
174.85923547 -37.59527514
174.86350654 -37.58704132
174.86777664 -37.57880734
174.87204579 -37.57057318
174.87631398 -37.56233886
174.88058122 -37.55410438
174.88394741 -37.54572967
174.88731283 -37.53735485
174.89067748 -37.52897993
174.89404137 -37.52060490
174.89740449 -37.51222976
174.90076684 -37.50385453
174.90412842 -37.49547918
174.90748924 -37.48710373
174.91084929 -37.47872818
174.91420859 -37.47035251
174.91756711 -37.46197674
174.92092488 -37.45360087
174.92428188 -37.44522489
174.92763812 -37.43684880
174.93099359 -37.42847261
174.93434831 -37.42009632
174.93725796 -37.41186834
174.94016696 -37.40364029
174.94307531 -37.39541215
174.94598303 -37.38718391
174.94889009 -37.37895560
174.95179651 -37.37072721
174.95470228 -37.36249873
174.95760741 -37.35427018
174.96051188 -37.34604155
174.96341571 -37.33781284
174.96631890 -37.32958405
174.96922144 -37.32135518
174.97212333 -37.31312623
174.97502458 -37.30489721
174.97889093 -37.29661006
174.98275642 -37.28832277
174.98662105 -37.28003535
174.99048482 -37.27174780
174.99434773 -37.26346011
174.99820977 -37.25517228
175.00207096 -37.24688432
175.00593129 -37.23859623
175.00979075 -37.23030800
175.01364936 -37.22201964
175.01750712 -37.21373114
175.02136401 -37.20544251
175.02522005 -37.19715375
175.02907522 -37.18886484
175.03292955 -37.18057579
175.03678301 -37.17228662
175.04063562 -37.16399731
175.04448738 -37.15570787
175.04888183 -37.14802982
175.05327539 -37.14035160
175.05766804 -37.13267322
175.06205979 -37.12499466
175.06645064 -37.11731593
175.07084059 -37.10963704
175.07522965 -37.10195797
175.07961780 -37.09427874
175.08400506 -37.08659935
175.08839143 -37.07891979
175.09277689 -37.07124006
175.09716146 -37.06356016
175.10154514 -37.05588010
175.10592792 -37.04819986
175.11030982 -37.04051946
175.11538417 -37.03368367
175.12045759 -37.02684765
175.12553010 -37.02001141
175.13060169 -37.01317495
175.13567235 -37.00633826
175.14074210 -36.99950136
175.14581094 -36.99266423
175.15087885 -36.98582689
175.15701816 -36.97956354
175.16315645 -36.97329986
175.16929372 -36.96703585
175.17542997 -36.96077153
175.18156520 -36.95450688
175.18769942 -36.94824191
175.19383262 -36.94197661
175.19996480 -36.93571100
175.20709997 -36.92898746
175.21423388 -36.92226349
175.22136651 -36.91553909
175.22849788 -36.90881425
175.23562798 -36.90208897
175.24275681 -36.89536327
175.24988437 -36.88863714
175.25701066 -36.88191058
175.26413569 -36.87518358
175.27125946 -36.86845615
175.27838196 -36.86172829
175.28550319 -36.85499999
175.29336776 -36.84878031
175.30123104 -36.84256011
175.30909305 -36.83633936
175.31695377 -36.83011808
175.32481320 -36.82389628
175.33267134 -36.81767396
175.34052819 -36.81145111
175.34838375 -36.80522773
175.35623802 -36.79900384
175.36409100 -36.79277942
175.37194270 -36.78655448
175.37979311 -36.78032903
175.38764223 -36.77410304
175.39549006 -36.76787654
175.40333662 -36.76164951
175.41118189 -36.75542194
175.41902588 -36.74919386
175.42686859 -36.74296525
175.43471001 -36.73673613
175.44255014 -36.73050648
175.45070652 -36.72462180
175.45886164 -36.71873655
175.46701549 -36.71285074
175.47516808 -36.70696437
175.48331941 -36.70107743
175.49146947 -36.69518996
175.49961825 -36.68930195
175.50776578 -36.68341339
175.51591204 -36.67752427
175.52405704 -36.67163460
175.53220079 -36.66574436
175.54034327 -36.65985357
175.54848448 -36.65396221
175.55662444 -36.64807030
175.56476314 -36.64217783
175.57290057 -36.63628481
175.58013626 -36.63018588
175.58737080 -36.62408652
175.59460417 -36.61798672
175.60183639 -36.61188649
175.60906745 -36.60578585
175.61629736 -36.59968477
175.62352610 -36.59358326
175.63075368 -36.58748132
175.63798010 -36.58137895
175.64520537 -36.57527614
175.65242948 -36.56917289
175.65965244 -36.56306921
175.66687423 -36.55696510
175.67340370 -36.55043161
175.67993206 -36.54389776
175.68645929 -36.53736357
175.69298541 -36.53082902
175.69951042 -36.52429412
175.70603431 -36.51775887
175.71255708 -36.51122327
175.71907874 -36.50468732
175.72559929 -36.49815102
175.73211872 -36.49161432
175.73863703 -36.48507728
175.74579372 -36.47856113
175.75294918 -36.47204455
175.76010343 -36.46552755
175.76725645 -36.45901013
175.77440826 -36.45249229
175.78155885 -36.44597403
175.78870822 -36.43945535
175.79585637 -36.43293624
175.80300330 -36.42641673
175.81014902 -36.41989681
175.81729352 -36.41337647
175.82443681 -36.40685572
175.83157887 -36.40033454
175.83871972 -36.39381293
175.83182349 -36.38685352
175.82492851 -36.37989369
175.81803479 -36.37293345
175.81114232 -36.36597279
175.80425112 -36.35901172
175.79736117 -36.35205025
175.79047249 -36.34508836
175.78358506 -36.33812606
175.77669888 -36.33116335
175.76981396 -36.32420022
175.76293030 -36.31723668
175.75604789 -36.31027273
175.74916673 -36.30330836
175.74228683 -36.29634357
175.73540817 -36.28937837
175.72853078 -36.28241276
175.72165463 -36.27544674
175.71477973 -36.26848030
175.70790609 -36.26151345
175.70103370 -36.25454619
175.69416256 -36.24757852
175.68729267 -36.24061044
175.68042403 -36.23364194
175.67355664 -36.22667303
175.66669049 -36.21970372
175.65982560 -36.21273399
175.65296195 -36.20576385
175.64609955 -36.19879330
175.63923840 -36.19182234
175.63237849 -36.18485097
175.62551983 -36.17787919
175.61866241 -36.17090700
175.61180624 -36.16393440
175.60495131 -36.15696139
175.59809763 -36.14998797
175.59124521 -36.14301415
175.58439402 -36.13603991
175.57754408 -36.12906526
175.57069538 -36.12209020
175.56384792 -36.11511473
175.55700170 -36.10813886
175.55015672 -36.10116257
175.54331298 -36.09418588
175.53647049 -36.08720879
175.52962923 -36.08023129
175.52278921 -36.07325338
175.51595043 -36.06627506
175.50911289 -36.05929634
175.50227658 -36.05231721
175.49544152 -36.04533767
175.48860770 -36.03835772
175.48177511 -36.03137736
175.47494376 -36.02439660
175.46811365 -36.01741543
175.46128476 -36.01043386
175.45445711 -36.00345187
175.44763069 -35.99646948
175.44080551 -35.98948669
175.43398155 -35.98250349
175.42715882 -35.97551988
175.42033733 -35.96853586
175.41351706 -35.96155144
175.40669803 -35.95456661
175.39988022 -35.94758138
175.39306365 -35.94059574
175.38624831 -35.93360970
175.37943420 -35.92662325
175.37262131 -35.91963640
175.36580965 -35.91264914
175.35899921 -35.90566148
175.35219000 -35.89867341
175.34538202 -35.89168493
175.33857526 -35.88469606
175.33176972 -35.87770677
175.32496541 -35.87071709
175.31816232 -35.86372700
175.31136045 -35.85673650
175.30455981 -35.84974560
175.29776039 -35.84275430
175.29096220 -35.83576258
175.28416524 -35.82877047
175.27736949 -35.82177795
175.27057496 -35.81478503
175.26378165 -35.80779170
175.25698955 -35.80079797
175.25019866 -35.79380384
175.24340899 -35.78680931
175.23662052 -35.77981438
175.22983328 -35.77281904
175.22304725 -35.76582331
175.21626243 -35.75882716
175.20947883 -35.75183062
175.20269644 -35.74483368
175.19416137 -35.75038823
175.18562508 -35.75594218
175.17708759 -35.76149553
175.16854888 -35.76704829
175.16000896 -35.77260044
175.15146783 -35.77815199
175.14292549 -35.78370295
175.13438194 -35.78925330
175.12583718 -35.79480304
175.11729120 -35.80035219
175.10874401 -35.80590074
175.10019561 -35.81144868
175.09164604 -35.81699601
175.08309527 -35.82254273
175.07454328 -35.82808885
175.06599008 -35.83363437
175.05743567 -35.83917927
175.04888006 -35.84472358
175.04032323 -35.85026727
175.03176519 -35.85581036
175.02320594 -35.86135285
175.01464548 -35.86689472
175.00608381 -35.87243599
174.99752093 -35.87797665
174.98895684 -35.88351669
174.98039154 -35.88905613
174.97182503 -35.89459496
174.96325731 -35.90013318
174.95468838 -35.90567079
174.94611823 -35.91120779
174.93754688 -35.91674418
174.92897431 -35.92227995
174.92040054 -35.92781512
174.91182555 -35.93334967
174.90324935 -35.93888361
174.89467193 -35.94441693
174.88609331 -35.94994963
174.87751347 -35.95548173
174.86893242 -35.96101320
174.86035015 -35.96654406
174.85176668 -35.97207431
174.84422548 -35.97816749
174.83668312 -35.98426020
174.82913958 -35.99035244
174.82159487 -35.99644419
174.81404898 -36.00253548
174.80650193 -36.00862630
174.79895369 -36.01471663
174.79140429 -36.02080649
174.78385371 -36.02689587
174.77630195 -36.03298477
174.76874902 -36.03907319
174.76119492 -36.04516113
174.75363964 -36.05124860
174.74608318 -36.05733558
174.73852555 -36.06342208
174.73096674 -36.06950810
174.72328605 -36.07566186
174.71560414 -36.08181511
174.70792103 -36.08796787
174.70023670 -36.09412013
174.69255116 -36.10027189
174.68486440 -36.10642315
174.67717644 -36.11257392
174.66948727 -36.11872418
174.66179688 -36.12487394
174.65410529 -36.13102320
174.64641248 -36.13717196
174.63871846 -36.14332021
174.63102324 -36.14946797
174.62332680 -36.15561522
174.61562914 -36.16176196
174.60793028 -36.16790820
174.60023020 -36.17405394
174.59252891 -36.18019917
174.58432867 -36.18602021
174.57612721 -36.19184068
174.56792452 -36.19766058
174.55972061 -36.20347990
174.55151547 -36.20929865
174.54330911 -36.21511683
174.53510153 -36.22093444
174.52689272 -36.22675146
174.51868269 -36.23256792
174.50917056 -36.23723682
174.49965730 -36.24190495
174.49014288 -36.24657231
174.48062733 -36.25123890
174.47111064 -36.25590473
174.46159281 -36.26056978
174.45207385 -36.26523406
174.44255375 -36.26989757
174.43303252 -36.27456031
174.42351015 -36.27922227
174.41398664 -36.28388347
174.40446200 -36.28854389
174.39493622 -36.29320354
174.38540929 -36.29786241
174.37588121 -36.30252052
174.36483687 -36.30266734
174.35379249 -36.30281312
174.34274808 -36.30295788
174.33170365 -36.30310162
174.32065919 -36.30324433
174.30961470 -36.30338601
174.29857018 -36.30352667
174.28752564 -36.30366630
174.27648108 -36.30380491
174.26543649 -36.30394249
174.25439188 -36.30407904
174.24334724 -36.30421458
174.23833709 -36.31202515
174.23332593 -36.31983550
174.22831376 -36.32764563
174.22330058 -36.33545552
174.21828638 -36.34326519
174.21327116 -36.35107462
174.20825493 -36.35888383
174.20323769 -36.36669281
174.19821943 -36.37450155
174.19320016 -36.38231006
174.18342653 -36.38652593
174.17365185 -36.39074097
174.16387612 -36.39495520
174.15409934 -36.39916861
174.14432150 -36.40338121
174.13454262 -36.40759298
174.12476269 -36.41180394
174.11498171 -36.41601408
174.10519969 -36.42022340
174.09541661 -36.42443190
174.08563249 -36.42863958
174.07584732 -36.43284644
174.06606111 -36.43705247
174.05627385 -36.44125769
174.04648554 -36.44546208
174.03669618 -36.44966565
174.02690577 -36.45386839
174.01711432 -36.45807032
174.00732183 -36.46227142
173.99752829 -36.46647168
173.98773371 -36.47067111
173.97793808 -36.47486972
173.96814140 -36.47906750
173.95834368 -36.48326445
173.94854492 -36.48746058
173.95272717 -36.49577602
173.95691031 -36.50409132
173.96109432 -36.51240649
173.96527921 -36.52072152
173.96946499 -36.52903641
173.97365164 -36.53735115
173.97783917 -36.54566575
173.98202759 -36.55398022
173.98621689 -36.56229454
173.99040707 -36.57060871
173.99459813 -36.57892275
173.99879008 -36.58723665
174.00298291 -36.59555039
174.00717663 -36.60386400
174.01137122 -36.61217746
174.01556671 -36.62049079
174.01976308 -36.62880397
174.02396033 -36.63711701
174.02815847 -36.64542991
174.03235750 -36.65374266
174.03655742 -36.66205528
174.04075823 -36.67036775
174.04495992 -36.67868008
174.04916251 -36.68699227
174.05336598 -36.69530431
174.05757036 -36.70361623
174.06177565 -36.71192801
174.06598183 -36.72023965
174.07018890 -36.72855115
174.07439686 -36.73686251
174.07860572 -36.74517372
174.08281547 -36.75348479
174.08702612 -36.76179572
174.09123767 -36.77010651
174.09545011 -36.77841715
174.09966345 -36.78672766
174.10387769 -36.79503801
174.10809283 -36.80334823
174.11230887 -36.81165831
174.11652580 -36.81996824
174.12074364 -36.82827803
174.12496237 -36.83658767
174.12918201 -36.84489717
174.13340254 -36.85320653
174.13762398 -36.86151575
174.14184632 -36.86982482
174.14606957 -36.87813375
174.15029372 -36.88644254
174.15451877 -36.89475118
174.15874472 -36.90305968
174.16297158 -36.91136803
174.16719934 -36.91967625
174.17142801 -36.92798431
174.17565759 -36.93629224
174.17988807 -36.94460001
174.18411946 -36.95290765
174.18835175 -36.96121514
174.19258496 -36.96952248
174.19681907 -36.97782968
174.20105410 -36.98613673
174.20529003 -36.99444364
174.20952688 -37.00275041
174.21376463 -37.01105703
174.21800330 -37.01936351
174.22224288 -37.02766984
174.22648338 -37.03597602
174.23072478 -37.04428206
174.23496710 -37.05258796
174.23921033 -37.06089371
174.24345448 -37.06919931
174.24769954 -37.07750477
174.25194551 -37.08581008
174.25619240 -37.09411524
174.26044021 -37.10242026
174.26468894 -37.11072514
174.26893859 -37.11902987
174.27318915 -37.12733445
174.27744063 -37.13563888
174.28169303 -37.14394317
174.28594635 -37.15224731
174.29020059 -37.16055131
174.29445575 -37.16885516
174.29871183 -37.17715886
174.30296884 -37.18546241
174.30722676 -37.19376582
174.31148561 -37.20206908
174.31574539 -37.21037220
174.32000609 -37.21867516
174.32426771 -37.22697798
174.32853026 -37.23528066
174.33279374 -37.24358318
174.33705814 -37.25188556
174.34132347 -37.26018779
174.34558972 -37.26848987
174.34985690 -37.27679180
174.35412501 -37.28509359
174.35839405 -37.29339522
174.36266401 -37.30169671
174.36693491 -37.30999806
174.37120674 -37.31829925
174.37547950 -37.32660029
174.37975319 -37.33490119
174.38402782 -37.34320194
174.38830337 -37.35150254
174.39257986 -37.35980299
174.39685728 -37.36810329
174.40113563 -37.37640344
174.40541491 -37.38470344
174.40969513 -37.39300329
174.41397629 -37.40130299
174.41825839 -37.40960254
174.42254143 -37.41790194
174.42682540 -37.42620119
174.43111031 -37.43450029
174.43539616 -37.44279924
174.43968295 -37.45109804
174.44397067 -37.45939669
174.44825934 -37.46769519
174.45254894 -37.47599354
174.45683949 -37.48429173
174.46113097 -37.49258978
174.46542340 -37.50088767
174.46971677 -37.50918541
174.47401108 -37.51748300
174.47830634 -37.52578045
174.48260254 -37.53407773
174.48689968 -37.54237487
174.49119777 -37.55067186
174.49549680 -37.55896869
174.49979678 -37.56726537
174.50409770 -37.57556190
174.50839957 -37.58385828
174.51270239 -37.59215450
174.51700615 -37.60045057
174.52131087 -37.60874649
174.52561653 -37.61704225
174.52992315 -37.62533786
174.53423071 -37.63363331
174.53853922 -37.64192861
174.54284869 -37.65022376
174.54715910 -37.65851875
174.55147047 -37.66681359
174.55578278 -37.67510828
174.56009605 -37.68340281
174.56441028 -37.69169718
174.56872545 -37.69999141
174.57304158 -37.70828548
174.57735867 -37.71657940
174.58167671 -37.72487316
174.58599570 -37.73316676
174.59031565 -37.74146022
174.59463656 -37.74975351
174.59895843 -37.75804666
174.60328125 -37.76633964
174.60760503 -37.77463247
174.61192977 -37.78292515
174.61625547 -37.79121767
174.62058213 -37.79951004
174.62490974 -37.80780227
174.62923831 -37.81609434
174.63356784 -37.82438626
174.63789833 -37.83267802
174.64222979 -37.84096962
174.64656220 -37.84926107
174.65089558 -37.85755236
174.65522993 -37.86584350
174.65956524 -37.87413448
174.66390151 -37.88242530
