173.94854492 -36.48746058
173.95834368 -36.48326445
173.96814140 -36.47906750
173.97793808 -36.47486972
173.98773371 -36.47067111
173.99752829 -36.46647168
174.00732183 -36.46227142
174.01711432 -36.45807032
174.02690577 -36.45386839
174.03669618 -36.44966565
174.04648554 -36.44546208
174.05627385 -36.44125769
174.06606111 -36.43705247
174.07584732 -36.43284644
174.08563249 -36.42863958
174.09541661 -36.42443190
174.10519969 -36.42022340
174.11498171 -36.41601408
174.12476269 -36.41180394
174.13454262 -36.40759298
174.14432150 -36.40338121
174.15409934 -36.39916861
174.16387612 -36.39495520
174.17365185 -36.39074097
174.18342653 -36.38652593
174.19320016 -36.38231006
174.19821943 -36.37450155
174.20323769 -36.36669281
174.20825493 -36.35888383
174.21327116 -36.35107462
174.21828638 -36.34326519
174.22330058 -36.33545552
174.22831376 -36.32764563
174.23332593 -36.31983550
174.23833709 -36.31202515
174.24334724 -36.30421458
174.25439188 -36.30407904
174.26543649 -36.30394249
174.27648108 -36.30380491
174.28752564 -36.30366630
174.29857018 -36.30352667
174.30961470 -36.30338601
174.32065919 -36.30324433
174.33170365 -36.30310162
174.34274808 -36.30295788
174.35379249 -36.30281312
174.36483687 -36.30266734
174.37588121 -36.30252052
174.38540929 -36.29786241
174.39493622 -36.29320354
174.40446200 -36.28854389
174.41398664 -36.28388347
174.42351015 -36.27922227
174.43303252 -36.27456031
174.44255375 -36.26989757
174.45207385 -36.26523406
174.46159281 -36.26056978
174.47111064 -36.25590473
174.48062733 -36.25123890
174.49014288 -36.24657231
174.49965730 -36.24190495
174.50917056 -36.23723682
174.51868269 -36.23256792
174.52689272 -36.22675146
174.53510153 -36.22093444
174.54330911 -36.21511683
174.55151547 -36.20929865
174.55972061 -36.20347990
174.56792452 -36.19766058
174.57612721 -36.19184068
174.58432867 -36.18602021
174.59252891 -36.18019917
174.60023020 -36.17405394
174.60793028 -36.16790820
174.61562914 -36.16176196
174.62332680 -36.15561522
174.63102324 -36.14946797
174.63871846 -36.14332021
174.64641248 -36.13717196
174.65410529 -36.13102320
174.66179688 -36.12487394
174.66948727 -36.11872418
174.67717644 -36.11257392
174.68486440 -36.10642315
174.69255116 -36.10027189
174.70023670 -36.09412013
174.70792103 -36.08796787
174.71560414 -36.08181511
174.72328605 -36.07566186
174.73096674 -36.06950810
174.73852555 -36.06342208
174.74608318 -36.05733558
174.75363964 -36.05124860
174.76119492 -36.04516113
174.76874902 -36.03907319
174.77630195 -36.03298477
174.78385371 -36.02689587
174.79140429 -36.02080649
174.79895369 -36.01471663
174.80650193 -36.00862630
174.81404898 -36.00253548
174.82159487 -35.99644419
174.82913958 -35.99035244
174.83668312 -35.98426020
174.84422548 -35.97816749
174.85176668 -35.97207431
174.86035015 -35.96654406
174.86893242 -35.96101320
174.87751347 -35.95548173
174.88609331 -35.94994963
174.89467193 -35.94441693
174.90324935 -35.93888361
174.91182555 -35.93334967
174.92040054 -35.92781512
174.92897431 -35.92227995
174.93754688 -35.91674418
174.94611823 -35.91120779
174.95468838 -35.90567079
174.96325731 -35.90013318
174.97182503 -35.89459496
174.98039154 -35.88905613
174.98895684 -35.88351669
174.99752093 -35.87797665
175.00608381 -35.87243599
175.01464548 -35.86689472
175.02320594 -35.86135285
175.03176519 -35.85581036
175.04032323 -35.85026727
175.04888006 -35.84472358
175.05743567 -35.83917927
175.06599008 -35.83363437
175.07454328 -35.82808885
175.08309527 -35.82254273
175.09164604 -35.81699601
175.10019561 -35.81144868
175.10874401 -35.80590074
175.11729120 -35.80035219
175.12583718 -35.79480304
175.13438194 -35.78925330
175.14292549 -35.78370295
175.15146783 -35.77815199
175.16000896 -35.77260044
175.16854888 -35.76704829
175.17708759 -35.76149553
175.18562508 -35.75594218
175.19416137 -35.75038823
175.20269644 -35.74483368
175.19551404 -35.73809259
175.18833288 -35.73135105
175.18115295 -35.72460906
175.17397425 -35.71786662
175.16679679 -35.71112374
175.15962055 -35.70438040
175.15244555 -35.69763661
175.14527178 -35.69089238
175.13809924 -35.68414770
175.13092793 -35.67740257
175.12375785 -35.67065699
175.11658900 -35.66391097
175.10942138 -35.65716449
175.10225498 -35.65041757
175.09508983 -35.64367020
175.08792592 -35.63692238
175.08076323 -35.63017411
175.07360176 -35.62342539
175.06644152 -35.61667623
175.05928250 -35.60992661
175.05212470 -35.60317656
175.04496813 -35.59642605
175.03781275 -35.58967510
175.03065859 -35.58292371
175.02350566 -35.57617186
175.01635395 -35.56941957
175.00920345 -35.56266684
175.00205418 -35.55591365
174.99490612 -35.54916002
174.98775929 -35.54240594
174.98061367 -35.53565142
174.97346927 -35.52889645
174.96632609 -35.52214104
174.95918412 -35.51538518
174.95204337 -35.50862887
174.94490383 -35.50187212
174.93776550 -35.49511493
174.93062839 -35.48835729
174.92349249 -35.48159920
174.91635780 -35.47484068
174.90922433 -35.46808170
174.90209206 -35.46132229
174.89496101 -35.45456242
174.88783117 -35.44780211
174.88070254 -35.44104136
174.87357512 -35.43428016
174.86644890 -35.42751852
174.85932389 -35.42075643
174.85220009 -35.41399391
174.84507750 -35.40723093
174.83795610 -35.40046752
174.83083591 -35.39370366
174.82371693 -35.38693937
174.81659914 -35.38017464
174.80948256 -35.37340946
174.80236719 -35.36664385
174.79525301 -35.35987778
174.78814004 -35.35311127
174.78102827 -35.34634433
174.77391770 -35.33957693
174.76680833 -35.33280910
174.75970015 -35.32604083
174.75259318 -35.31927211
174.74548741 -35.31250296
174.73838283 -35.30573336
174.73127945 -35.29896332
174.72417726 -35.29219285
174.71707626 -35.28542193
174.70997647 -35.27865058
174.70287786 -35.27187879
174.69398243 -35.26663342
174.68508815 -35.26138737
174.67619502 -35.25614064
174.66730304 -35.25089324
174.65841220 -35.24564516
174.64952251 -35.24039641
174.64063397 -35.23514698
174.63174657 -35.22989688
174.62286032 -35.22464610
174.61397521 -35.21939465
174.60509125 -35.21414252
174.59620843 -35.20888972
174.58732675 -35.20363625
174.57844622 -35.19838210
174.56956683 -35.19312728
174.56068858 -35.18787179
174.55181147 -35.18261562
174.54293550 -35.17735879
174.53406067 -35.17210129
174.52518698 -35.16684311
174.51631443 -35.16158426
174.50744302 -35.15632475
174.49857275 -35.15106456
174.48970361 -35.14580370
174.48083562 -35.14054217
174.47196875 -35.13527998
174.46310303 -35.13001711
174.45423844 -35.12475358
174.44537499 -35.11948938
174.43651268 -35.11422451
174.42765150 -35.10895898
174.41879146 -35.10369278
174.40993255 -35.09842591
174.40107477 -35.09315838
174.39221811 -35.08789017
174.38336258 -35.08262130
174.37450818 -35.07735176
174.36565491 -35.07208155
174.35680278 -35.06681068
174.34795178 -35.06153915
174.33910190 -35.05626696
174.33025316 -35.05099410
174.32140555 -35.04572058
174.31255907 -35.04044640
174.30371372 -35.03517156
174.29486950 -35.02989606
174.28602641 -35.02461989
174.27718444 -35.01934307
174.26834360 -35.01406559
174.25950389 -35.00878745
174.25066531 -35.00350865
174.24182786 -34.99822919
174.23299153 -34.99294908
174.22415632 -34.98766830
174.21532224 -34.98238687
174.20648929 -34.97710478
174.19765745 -34.97182203
174.18882672 -34.96653862
174.17999712 -34.96125456
174.17116864 -34.95596983
174.16234128 -34.95068446
174.15351505 -34.94539843
174.14468994 -34.94011174
174.13586595 -34.93482441
174.12704308 -34.92953641
174.11822133 -34.92424777
174.10940071 -34.91895848
174.10058120 -34.91366853
174.09176282 -34.90837793
174.08294555 -34.90308668
174.07412940 -34.89779478
174.06531438 -34.89250223
174.05650047 -34.88720903
174.04768768 -34.88191518
174.03887601 -34.87662068
174.03006545 -34.87132553
174.02125600 -34.86602974
174.01244767 -34.86073329
174.00364045 -34.85543620
173.99483436 -34.85013847
173.98602938 -34.84484008
173.97722551 -34.83954105
173.96842276 -34.83424137
173.95962111 -34.82894105
173.95082058 -34.82364008
173.94202115 -34.81833847
173.93322284 -34.81303621
173.92442563 -34.80773331
173.91562953 -34.80242976
173.90683454 -34.79712557
173.89804066 -34.79182074
173.88924789 -34.78651526
173.88045622 -34.78120915
173.87166566 -34.77590239
173.86287621 -34.77059499
173.85408786 -34.76528695
173.84530061 -34.75997827
173.83651447 -34.75466894
173.82772943 -34.74935898
173.81894549 -34.74404838
173.81016265 -34.73873714
173.80138092 -34.73342526
173.79260028 -34.72811274
173.78382075 -34.72279958
173.77504232 -34.71748579
173.76626499 -34.71217136
173.75748875 -34.70685629
173.74871362 -34.70154059
173.73993958 -34.69622425
173.73116664 -34.69090728
173.72239480 -34.68558967
173.71362405 -34.68027143
173.70485440 -34.67495256
173.69608584 -34.66963305
173.68731839 -34.66431291
173.67855202 -34.65899214
173.66978675 -34.65367073
173.66102257 -34.64834870
173.65225949 -34.64302603
173.64349749 -34.63770273
173.63473659 -34.63237880
173.62597678 -34.62705424
173.61721807 -34.62172905
173.60846044 -34.61640324
173.59970390 -34.61107679
173.59094845 -34.60574972
173.58219409 -34.60042202
173.57344082 -34.59509370
173.56468863 -34.58976474
173.55593754 -34.58443517
173.54718752 -34.57910496
173.53843860 -34.57377413
173.52969076 -34.56844268
173.52094401 -34.56311060
173.51219834 -34.55777790
173.50345375 -34.55244457
173.49471025 -34.54711063
173.48596784 -34.54177606
173.47722650 -34.53644087
173.46848625 -34.53110505
173.45974708 -34.52576862
173.45100898 -34.52043156
173.44227197 -34.51509389
173.43353604 -34.50975559
173.42480119 -34.50441668
173.41606741 -34.49907714
173.40733472 -34.49373699
173.39860310 -34.48839622
173.38987255 -34.48305483
173.38114308 -34.47771283
173.37241469 -34.47237021
173.36368738 -34.46702697
173.35496114 -34.46168311
173.34623597 -34.45633865
173.33751188 -34.45099356
173.32878886 -34.44564786
173.32006691 -34.44030155
173.31134604 -34.43495463
173.30262624 -34.42960709
173.29390751 -34.42425894
173.28518985 -34.41891018
173.27647325 -34.41356081
173.26775773 -34.40821082
173.25904328 -34.40286023
173.25032990 -34.39750902
173.24161758 -34.39215721
173.23290633 -34.38680479
173.22419614 -34.38145176
173.21548703 -34.37609812
173.20677897 -34.37074387
173.19807198 -34.36538902
173.18936606 -34.36003356
173.18066120 -34.35467750
173.17195741 -34.34932083
173.16325467 -34.34396355
173.15455300 -34.33860567
173.14585239 -34.33324719
173.13582953 -34.32987158
173.12580744 -34.32649518
173.11578613 -34.32311799
173.10576560 -34.31974001
173.09574582 -34.31636126
173.08572679 -34.31298172
173.07570854 -34.30960141
173.06569106 -34.30622030
173.05567436 -34.30283842
173.04565844 -34.29945575
173.03564329 -34.29607230
173.02562891 -34.29268808
173.01561531 -34.28930307
173.00560249 -34.28591728
172.99559045 -34.28253071
172.98557918 -34.27914337
172.97556868 -34.27575525
172.96555897 -34.27236635
172.95555002 -34.26897667
172.94554186 -34.26558622
172.93553447 -34.26219500
172.92552786 -34.25880300
172.91552203 -34.25541022
172.90551697 -34.25201668
172.89551268 -34.24862236
172.88550915 -34.24522727
172.87550641 -34.24183142
172.86550444 -34.23843479
172.85550325 -34.23503740
172.84550284 -34.23163923
172.83550320 -34.22824030
172.82550435 -34.22484060
172.81550627 -34.22144013
172.80550897 -34.21803889
172.79551244 -34.21463689
172.78551670 -34.21123413
172.77552173 -34.20783060
172.76552754 -34.20442631
172.75553413 -34.20102125
172.74554149 -34.19761543
172.73554964 -34.19420884
172.72555856 -34.19080149
172.71556826 -34.18739338
172.70557873 -34.18398451
172.69558999 -34.18057489
172.68560203 -34.17716451
172.67561485 -34.17375338
172.66562845 -34.17034148
172.65564282 -34.16692883
172.64565797 -34.16351543
172.63567390 -34.16010126
172.62569060 -34.15668635
172.61570809 -34.15327068
172.60572635 -34.14985425
172.59574539 -34.14643708
172.58576522 -34.14301915
172.57578582 -34.13960048
172.56580720 -34.13618105
172.55582935 -34.13276087
172.54585229 -34.12933995
172.53587600 -34.12591827
172.52590050 -34.12249585
172.51592577 -34.11907268
172.50595181 -34.11564876
172.49597864 -34.11222409
172.48600624 -34.10879869
172.47603462 -34.10537253
172.46606378 -34.10194563
172.45609371 -34.09851799
172.44612443 -34.09508961
172.43615592 -34.09166048
172.42618819 -34.08823061
172.41622124 -34.08480000
172.40625508 -34.08136865
172.39628969 -34.07793657
172.38632507 -34.07450375
172.37636124 -34.07107019
172.36639819 -34.06763589
172.35643592 -34.06420086
172.34647442 -34.06076509
172.33651371 -34.05732858
172.32655378 -34.05389134
172.31659462 -34.05045337
172.30663625 -34.04701466
172.29667865 -34.04357523
172.28672183 -34.04013506
172.27676580 -34.03669416
172.26681054 -34.03325253
172.25685606 -34.02981017
172.24690237 -34.02636708
172.23694945 -34.02292326
172.22699732 -34.01947872
172.21704596 -34.01603345
172.20709539 -34.01258745
172.19714560 -34.00914073
172.18719658 -34.00569328
172.17724835 -34.00224512
172.16803661 -34.00638591
172.15882408 -34.01052602
172.14961075 -34.01466543
172.14039663 -34.01880415
172.13118171 -34.02294218
172.12196600 -34.02707951
172.11274949 -34.03121615
172.10353218 -34.03535209
172.09431408 -34.03948734
172.08509519 -34.04362189
172.07587550 -34.04775575
172.06665501 -34.05188890
172.05743374 -34.05602136
172.04821167 -34.06015312
172.03898881 -34.06428418
172.02976515 -34.06841454
172.02054071 -34.07254420
172.01131547 -34.07667316
172.00208944 -34.08080141
171.99286261 -34.08492897
171.98363499 -34.08905583
171.97440658 -34.09318198
171.96517738 -34.09730743
171.95594739 -34.10143217
171.94671661 -34.10555621
171.93748504 -34.10967954
171.92825269 -34.11380217
171.91901954 -34.11792408
171.90978561 -34.12204529
171.90055088 -34.12616579
171.90674094 -34.13354798
171.91293197 -34.14092988
171.91912397 -34.14831149
171.92531694 -34.15569282
171.93151088 -34.16307386
171.93770580 -34.17045461
171.94390168 -34.17783508
171.95009854 -34.18521525
171.95629638 -34.19259514
171.96249519 -34.19997475
171.96869499 -34.20735405
171.97489576 -34.21473307
171.98109752 -34.22211181
171.98730025 -34.22949025
171.99350396 -34.23686840
171.99970866 -34.24424627
172.00591433 -34.25162385
172.01212098 -34.25900114
172.01832862 -34.26637814
172.02453725 -34.27375486
172.03074686 -34.28113128
172.03695746 -34.28850741
172.04316905 -34.29588325
172.04938163 -34.30325880
172.05559520 -34.31063406
172.06180975 -34.31800903
172.06802531 -34.32538370
172.07424185 -34.33275809
172.08045939 -34.34013218
172.08667792 -34.34750599
172.09289745 -34.35487950
172.09911797 -34.36225272
172.10533949 -34.36962565
172.11156201 -34.37699829
172.11778552 -34.38437063
172.12401004 -34.39174269
172.13023556 -34.39911445
172.13646208 -34.40648591
172.14268961 -34.41385708
172.14891814 -34.42122796
172.15514768 -34.42859854
172.16137822 -34.43596883
172.16760977 -34.44333883
172.17384232 -34.45070853
172.18007588 -34.45807794
172.18631045 -34.46544706
172.19254604 -34.47281588
172.19878263 -34.48018440
172.20502023 -34.48755264
172.21125884 -34.49492058
172.21749846 -34.50228823
172.22373911 -34.50965558
172.22998077 -34.51702263
172.23622344 -34.52438939
172.24246714 -34.53175585
172.24871185 -34.53912201
172.25495758 -34.54648788
172.26120433 -34.55385346
172.26745210 -34.56121874
172.27370089 -34.56858372
172.27995071 -34.57594841
172.28620155 -34.58331279
172.29245341 -34.59067689
172.29870629 -34.59804068
172.30496021 -34.60540418
172.31121515 -34.61276738
172.31747112 -34.62013028
172.32372812 -34.62749288
172.32998615 -34.63485519
172.33624521 -34.64221720
172.34250530 -34.64957891
172.34876642 -34.65694032
172.35502857 -34.66430144
172.36129176 -34.67166225
172.36755599 -34.67902277
172.37382125 -34.68638299
172.38008754 -34.69374291
172.38635487 -34.70110252
172.39262324 -34.70846183
172.39889265 -34.71582085
172.40516310 -34.72317956
172.41143459 -34.73053798
172.41770712 -34.73789610
172.42398070 -34.74525391
172.43025531 -34.75261143
172.43653097 -34.75996865
172.44280768 -34.76732556
172.44908543 -34.77468218
172.45536423 -34.78203849
172.46164408 -34.78939450
172.46792497 -34.79675021
172.47420692 -34.80410561
172.48048991 -34.81146071
172.48677396 -34.81881551
172.49305905 -34.82617001
172.49934520 -34.83352420
172.50563240 -34.84087810
172.51192066 -34.84823169
172.51820997 -34.85558498
172.52450034 -34.86293797
172.53079176 -34.87029066
172.53708424 -34.87764304
172.54337778 -34.88499511
172.54967238 -34.89234689
172.55596804 -34.89969835
172.56226476 -34.90704951
172.56856253 -34.91440036
172.57486137 -34.92175090
172.58116127 -34.92910114
172.58746224 -34.93645108
172.59376427 -34.94380071
172.60006737 -34.95115004
172.60637153 -34.95849906
172.61267677 -34.96584778
172.61898307 -34.97319619
172.62529044 -34.98054430
172.63159888 -34.98789210
172.63790838 -34.99523959
172.64421897 -35.00258678
172.65053062 -35.00993366
172.65684334 -35.01728023
172.66315714 -35.02462649
172.66947201 -35.03197245
172.67578796 -35.03931810
172.68210499 -35.04666344
172.68842309 -35.05400847
172.69474227 -35.06135320
172.70106253 -35.06869762
172.70738387 -35.07604173
172.71370629 -35.08338554
172.72002980 -35.09072904
172.72635438 -35.09807223
172.73268005 -35.10541510
172.73900679 -35.11275766
172.74533462 -35.12009992
172.75166354 -35.12744186
172.75799354 -35.13478350
172.76432463 -35.14212483
172.77065680 -35.14946585
172.77699007 -35.15680655
172.78332442 -35.16414695
172.78965986 -35.17148704
172.79599640 -35.17882681
172.80233402 -35.18616628
172.80867274 -35.19350543
172.81501255 -35.20084428
172.82135346 -35.20818280
172.82769546 -35.21552102
172.83403856 -35.22285893
172.84038275 -35.23019652
172.84672804 -35.23753380
172.85307442 -35.24487077
172.85942191 -35.25220743
172.86577049 -35.25954378
172.87212018 -35.26687981
172.87847096 -35.27421553
172.88482285 -35.28155094
172.89117584 -35.28888603
172.89752994 -35.29622082
172.90388513 -35.30355528
172.91024144 -35.31088943
172.91659885 -35.31822326
172.92295737 -35.32555679
172.92931700 -35.33288999
172.93567773 -35.34022288
172.94203957 -35.34755546
172.94840253 -35.35488772
172.95476659 -35.36221967
172.96113176 -35.36955130
172.96749805 -35.37688262
172.97386545 -35.38421362
172.98023396 -35.39154431
172.98660359 -35.39887468
172.99297432 -35.40620473
172.99934617 -35.41353446
173.00571914 -35.42086388
173.01209323 -35.42819298
173.01846843 -35.43552176
173.02484476 -35.44285022
173.03122220 -35.45017837
173.03760076 -35.45750620
173.04398045 -35.46483372
173.05036126 -35.47216091
173.05674319 -35.47948779
173.06312624 -35.48681435
173.06951042 -35.49414059
173.07589572 -35.50146651
173.08228214 -35.50879211
173.08866969 -35.51611738
173.09505837 -35.52344234
173.10144818 -35.53076698
173.10783912 -35.53809131
173.11423120 -35.54541531
173.12062440 -35.55273899
173.12701874 -35.56006235
173.13341421 -35.56738539
173.13981081 -35.57470810
173.14620854 -35.58203050
173.15260741 -35.58935258
173.15900741 -35.59667433
173.16540854 -35.60399577
173.17181081 -35.61131688
173.17821421 -35.61863768
173.18461875 -35.62595815
173.19102443 -35.63327830
173.19743125 -35.64059813
173.20383921 -35.64791764
173.21024831 -35.65523682
173.21665856 -35.66255568
173.22306994 -35.66987422
173.22948247 -35.67719244
173.23589614 -35.68451033
173.24231096 -35.69182790
173.24872692 -35.69914514
173.25514403 -35.70646206
173.26156228 -35.71377866
173.26798168 -35.72109494
173.27440223 -35.72841089
173.28082393 -35.73572651
173.28724678 -35.74304181
173.29367078 -35.75035678
173.30009593 -35.75767143
173.30652225 -35.76498575
173.31294972 -35.77229974
173.31937834 -35.77961341
173.32580812 -35.78692675
173.33223906 -35.79423977
173.33867113 -35.80155246
173.34510435 -35.80886484
173.35153872 -35.81617689
173.35797425 -35.82348861
173.36441094 -35.83080000
173.37084879 -35.83811107
173.37728779 -35.84542181
173.38372796 -35.85273223
173.39016928 -35.86004231
173.39661177 -35.86735207
173.40305542 -35.87466150
173.40950023 -35.88197060
173.41594621 -35.88927938
173.42239335 -35.89658782
173.42884165 -35.90389594
173.43529112 -35.91120373
173.44174175 -35.91851119
173.44819355 -35.92581832
173.45464652 -35.93312513
173.46110066 -35.94043160
173.46755597 -35.94773774
173.47401244 -35.95504355
173.48047009 -35.96234903
173.48692891 -35.96965418
173.49338889 -35.97695900
173.49985005 -35.98426349
173.50631238 -35.99156766
173.51277589 -35.99887149
173.51924058 -36.00617498
173.52570644 -36.01347814
173.53217349 -36.02078097
173.53864171 -36.02808346
173.54511111 -36.03538563
173.55158169 -36.04268746
173.55805345 -36.04998895
173.56452639 -36.05729011
173.57100052 -36.06459094
173.57747582 -36.07189143
173.58395231 -36.07919159
173.59042999 -36.08649141
173.59690884 -36.09379090
173.60338889 -36.10109006
173.60987011 -36.10838888
173.61635253 -36.11568737
173.62283613 -36.12298552
173.62932092 -36.13028333
173.63580690 -36.13758081
173.64229407 -36.14487795
173.64878243 -36.15217475
173.65527198 -36.15947122
173.66176272 -36.16676735
173.66825466 -36.17406314
173.67474778 -36.18135859
173.68124211 -36.18865370
173.68773762 -36.19594848
173.69423433 -36.20324293
173.70073223 -36.21053704
173.70723134 -36.21783081
173.71373164 -36.22512424
173.72023313 -36.23241733
173.72673583 -36.23971009
173.73323972 -36.24700250
173.73974481 -36.25429458
173.74625111 -36.26158631
173.75275860 -36.26887771
173.75926730 -36.27616877
173.76577719 -36.28345948
173.77228830 -36.29074986
173.77880060 -36.29803989
173.78531410 -36.30532959
173.79182881 -36.31261895
173.79834472 -36.31990797
173.80486184 -36.32719664
173.81138018 -36.33448497
173.81789971 -36.34177295
173.82442046 -36.34906060
173.83094242 -36.35634790
173.83746558 -36.36363485
173.84398996 -36.37092147
173.85051554 -36.37820774
173.85704234 -36.38549367
173.86357034 -36.39277925
173.87009956 -36.40006450
173.87662999 -36.40734940
173.88316163 -36.41463396
173.88969448 -36.42191818
173.89622855 -36.42920205
173.90276383 -36.43648557
173.90930034 -36.44376875
173.91583805 -36.45105159
173.92237699 -36.45833408
173.92891714 -36.46561622
173.93545851 -36.47289802
173.94200111 -36.48017947
173.94854492 -36.48746058
