168.147000 -44.383900
168.157090 -44.378723
168.167178 -44.373545
168.177265 -44.368367
168.187350 -44.363187
168.197433 -44.358007
168.207514 -44.352825
168.217593 -44.347643
168.227671 -44.342460
168.237747 -44.337276
168.247821 -44.332091
168.257893 -44.326905
168.267964 -44.321719
168.278032 -44.316531
168.288099 -44.311343
168.298164 -44.306153
168.308228 -44.300963
168.318289 -44.295772
168.328349 -44.290580
168.338407 -44.285387
168.348463 -44.280193
168.358518 -44.274999
168.368571 -44.269803
168.378622 -44.264607
168.388671 -44.259410
168.398718 -44.254212
168.408764 -44.249013
168.418808 -44.243813
168.428850 -44.238612
168.438890 -44.233410
168.448928 -44.228208
168.458965 -44.223004
168.469000 -44.217800
