171.40621393 -42.83831745
171.41761060 -42.83821469
171.42900725 -42.83811079
171.44040387 -42.83800575
171.45180046 -42.83789956
171.46319702 -42.83779223
171.47459355 -42.83768376
171.48599006 -42.83757414
171.49738653 -42.83746338
171.50878300 -42.83735149
171.52017944 -42.83723847
171.53105002 -42.83513350
171.54191987 -42.83302749
171.55278898 -42.83092044
171.56365736 -42.82881235
171.57452500 -42.82670322
171.58539191 -42.82459304
171.59625808 -42.82248183
171.60673992 -42.82046694
171.61722107 -42.81845108
171.62770155 -42.81643425
171.63818135 -42.81441646
171.64866047 -42.81239769
171.65913891 -42.81037796
171.66961667 -42.80835726
171.68009376 -42.80633560
171.68961522 -42.80195387
171.69913534 -42.79757133
171.70865404 -42.79318796
171.71817139 -42.78880379
171.72768739 -42.78441881
171.73720205 -42.78003304
171.74671536 -42.77564646
171.75457519 -42.77073051
171.76243377 -42.76581402
171.77029110 -42.76089697
171.77814718 -42.75597938
171.78600201 -42.75106124
171.79385560 -42.74614255
171.80334781 -42.74236361
171.81283887 -42.73858387
171.82232877 -42.73480334
171.83181752 -42.73102201
171.84130511 -42.72723989
171.85079155 -42.72345697
171.86027684 -42.71967326
171.87002434 -42.71662642
171.87977088 -42.71357875
171.88951647 -42.71053023
171.89926111 -42.70748088
171.90900473 -42.70443067
171.91830189 -42.69916004
171.92759747 -42.69388864
171.93689146 -42.68861649
171.94618389 -42.68334357
171.94076921 -42.67635104
171.93535574 -42.66935826
171.92994350 -42.66236521
171.92453246 -42.65537191
171.91912264 -42.64837835
171.91371403 -42.64138454
171.90830663 -42.63439047
171.89860272 -42.63092987
171.88889983 -42.62746844
171.87919803 -42.62400619
171.86949732 -42.62054312
171.85979770 -42.61707923
171.84801175 -42.61689387
171.83622589 -42.61670729
171.82444011 -42.61651949
171.81265441 -42.61633047
171.80086879 -42.61614024
171.78908325 -42.61594879
171.77729779 -42.61575613
171.76551242 -42.61556225
171.75372713 -42.61536715
171.74194193 -42.61517083
171.73015681 -42.61497329
171.71837178 -42.61477453
171.70843496 -42.61763947
171.69849723 -42.62050353
171.68855856 -42.62336672
171.67861899 -42.62622904
171.66867851 -42.62909048
171.65873712 -42.63195105
171.64879482 -42.63481074
171.63885161 -42.63766955
171.62796274 -42.64026084
171.61707298 -42.64285107
171.60618231 -42.64544026
171.59529074 -42.64802840
171.58439825 -42.65061548
171.57350487 -42.65320151
171.56261059 -42.65578649
171.55228217 -42.66041951
171.54195221 -42.66505158
171.53162071 -42.66968269
171.52128768 -42.67431285
171.51095310 -42.67894206
171.50061699 -42.68357031
171.49133595 -42.68900574
171.48205329 -42.69444039
171.47276900 -42.69987427
171.46348305 -42.70530738
171.45419548 -42.71073972
171.44490628 -42.71617128
171.43561545 -42.72160206
171.42632300 -42.72703207
171.41702891 -42.73246131
171.41085903 -42.73901121
171.40468784 -42.74556076
171.39851536 -42.75210998
171.39234163 -42.75865890
171.38616660 -42.76520747
171.37999025 -42.77175569
171.37381260 -42.77830356
171.37523267 -42.78576822
171.37665307 -42.79323285
171.37807378 -42.80069749
171.37949474 -42.80816216
171.38617207 -42.81570154
171.39285103 -42.82324054
171.39953161 -42.83077916
171.40621393 -42.83831745
166.00115300 -46.44434120
166.00759009 -46.43654077
166.01402534 -46.42873994
166.02045875 -46.42093870
166.02689032 -46.41313705
166.03332005 -46.40533500
166.03861197 -46.39747133
166.04390234 -46.38960736
166.04919119 -46.38174311
166.05447851 -46.37387857
166.05976430 -46.36601375
166.06504856 -46.35814865
166.07033130 -46.35028326
166.07561251 -46.34241760
166.08089219 -46.33455165
166.08617035 -46.32668542
166.09144699 -46.31881891
166.09672210 -46.31095212
166.10199569 -46.30308505
166.10726777 -46.29521770
166.11253832 -46.28735007
166.11780735 -46.27948216
166.12307487 -46.27161397
166.12834086 -46.26374550
166.13360534 -46.25587676
166.13886830 -46.24800773
166.14412975 -46.24013843
166.14938968 -46.23226885
166.15464810 -46.22439900
166.16069356 -46.21647468
166.16673726 -46.20855000
166.17277922 -46.20062497
166.17881944 -46.19269958
166.18485793 -46.18477382
166.19089466 -46.17684771
166.19692966 -46.16892125
166.20296292 -46.16099443
166.20899444 -46.15306726
166.21502422 -46.14513973
166.22105226 -46.13721185
166.22707857 -46.12928362
166.23310314 -46.12135504
166.23912597 -46.11342610
166.24514707 -46.10549682
166.25116644 -46.09756718
166.25718408 -46.08963717
166.26320000 -46.08170682
166.26921418 -46.07377611
166.27522664 -46.06584505
166.28123736 -46.05791365
166.28724636 -46.04998190
166.29130496 -46.04172978
166.29536233 -46.03347750
166.29941848 -46.02522504
166.30347341 -46.01697240
166.30752712 -46.00871960
166.31157960 -46.00046662
166.31563088 -45.99221346
166.31968093 -45.98396012
166.32372977 -45.97570661
166.32777739 -45.96745293
166.33182380 -45.95919908
166.33586899 -45.95094506
166.33991296 -45.94269086
166.34395572 -45.93443650
166.34799727 -45.92618196
166.35203760 -45.91792726
166.35607672 -45.90967238
166.36011462 -45.90141734
166.36415132 -45.89316211
166.36818680 -45.88490672
166.37222107 -45.87665115
166.37625414 -45.86839541
166.38028599 -45.86013951
166.38431664 -45.85188344
166.38834608 -45.84362720
166.39366015 -45.83606637
166.39897277 -45.82850526
166.40428394 -45.82094389
166.40959367 -45.81338225
166.41490195 -45.80582034
166.42020879 -45.79825815
166.42551417 -45.79069569
166.43081810 -45.78313296
166.43612059 -45.77556995
166.44142163 -45.76800668
166.44672123 -45.76044314
166.45201939 -45.75287932
166.45731610 -45.74531524
166.46261138 -45.73775088
166.46843905 -45.72991674
166.47426509 -45.72208227
166.48008948 -45.71424749
166.48591224 -45.70641237
166.49173337 -45.69857694
166.49755276 -45.69074116
166.50337050 -45.68290507
166.50918661 -45.67506865
166.51500108 -45.66723192
166.52176865 -45.65997503
166.52853447 -45.65271771
166.53529853 -45.64545997
166.54206084 -45.63820181
166.54882140 -45.63094322
166.55404794 -45.62281161
166.55927295 -45.61467974
166.56449644 -45.60654761
166.56971840 -45.59841521
166.57493883 -45.59028255
166.58015773 -45.58214962
166.58537511 -45.57401643
166.59059096 -45.56588298
166.59580530 -45.55774927
166.60101812 -45.54961531
166.60622942 -45.54148108
166.61143920 -45.53334659
166.61884217 -45.52650769
166.62624334 -45.51966829
166.63364270 -45.51282839
166.64104026 -45.50598799
166.64843602 -45.49914709
166.65582996 -45.49230568
166.66322209 -45.48546377
166.67061242 -45.47862136
166.67800095 -45.47177844
166.68538769 -45.46493503
166.69277262 -45.45809113
166.70015575 -45.45124672
166.70753707 -45.44440182
166.71491659 -45.43755642
166.72229432 -45.43071052
166.72967026 -45.42386413
166.73704441 -45.41701725
166.74441677 -45.41016987
166.75178734 -45.40332199
166.75915616 -45.39647363
166.76652322 -45.38962478
166.77388849 -45.38277543
166.78329648 -45.37780413
166.79270281 -45.37283204
166.80210749 -45.36785917
166.81151054 -45.36288553
166.82091193 -45.35791111
166.83031167 -45.35293589
166.83970975 -45.34795989
166.84910617 -45.34298309
166.85850094 -45.33800550
166.86789406 -45.33302712
166.87728552 -45.32804795
166.88608086 -45.32288977
166.89487459 -45.31773090
166.90366673 -45.31257133
166.91245731 -45.30741104
166.91654215 -45.30123553
166.92062614 -45.29505986
166.92787784 -45.29506649
166.93512954 -45.29507267
166.93784588 -45.29040597
166.94056176 -45.28573921
166.94940402 -45.27935762
166.95824429 -45.27297533
166.96708257 -45.26659234
166.97591886 -45.26020864
166.98475315 -45.25382425
166.99358546 -45.24743916
167.00241578 -45.24105338
167.01124414 -45.23466691
167.01791461 -45.22805567
167.02458353 -45.22144403
167.03125088 -45.21483199
167.03791667 -45.20821954
167.04458090 -45.20160669
167.05124358 -45.19499341
167.05790470 -45.18837970
167.06305118 -45.18100578
167.06819630 -45.17363161
167.07334008 -45.16625720
167.07848251 -45.15888254
167.08362359 -45.15150763
167.08876332 -45.14413248
167.09390171 -45.13675709
167.09903875 -45.12938145
167.10623463 -45.12230178
167.11342871 -45.11522164
167.12062100 -45.10814104
167.12781148 -45.10105996
167.13500016 -45.09397842
167.13771230 -45.08534971
167.14042360 -45.07672093
167.14313406 -45.06809208
167.14584368 -45.05946315
167.14855246 -45.05083416
167.15126041 -45.04220509
167.15396752 -45.03357595
167.15667379 -45.02494673
167.15937923 -45.01631745
167.16208383 -45.00768809
167.16478760 -44.99905867
167.16405425 -44.99074691
167.16332111 -44.98243515
167.16258816 -44.97412339
167.16185541 -44.96581162
167.16112287 -44.95749984
167.16039052 -44.94918806
167.15965837 -44.94087628
167.15892642 -44.93256449
167.15819467 -44.92425270
167.15746311 -44.91594091
167.15673176 -44.90762911
167.15600060 -44.89931731
167.14616942 -44.89404342
167.13634007 -44.88876868
167.12651253 -44.88349310
167.11668681 -44.87821668
167.10686290 -44.87293941
167.09704080 -44.86766130
167.08722048 -44.86238234
167.07596660 -44.86010521
167.06471363 -44.85782695
167.05346156 -44.85554759
167.04221040 -44.85326711
167.03096016 -44.85098551
167.01971082 -44.84870280
167.00846239 -44.84641897
166.99721486 -44.84413403
166.98596821 -44.84184798
166.97454257 -44.84273438
166.96311659 -44.84361963
166.95169027 -44.84450372
166.94026362 -44.84538665
166.92883663 -44.84626842
166.91740930 -44.84714903
166.90598163 -44.84802848
166.89455363 -44.84890678
166.88312530 -44.84978391
166.87116905 -44.85177240
166.85921198 -44.85375962
166.84725409 -44.85574556
166.83529540 -44.85773024
166.82333588 -44.85971364
166.81137556 -44.86169577
166.79941441 -44.86367663
166.78745239 -44.86565624
166.77682144 -44.87017403
166.76618881 -44.87469080
166.75555452 -44.87920657
166.74491856 -44.88372132
166.73428093 -44.88823505
166.72364164 -44.89274778
166.71300067 -44.89725949
166.70235804 -44.90177018
166.69171372 -44.90627987
166.68298405 -44.91239037
166.67425251 -44.91850018
166.66551910 -44.92460931
166.65678382 -44.93071774
166.64804668 -44.93682549
166.63930767 -44.94293255
166.63056678 -44.94903892
166.62182403 -44.95514460
166.61307941 -44.96124959
166.60433292 -44.96735389
166.59619027 -44.97406439
166.58804569 -44.98077429
166.57989921 -44.98748360
166.57175081 -44.99419230
166.56360052 -45.00090040
166.55544830 -45.00760789
166.54954815 -45.01463231
166.54364654 -45.02165642
166.53774346 -45.02868021
166.53183892 -45.03570368
166.52593292 -45.04272683
166.52002545 -45.04974966
166.51411651 -45.05677217
166.50820611 -45.06379435
166.50229425 -45.07081622
166.49638091 -45.07783778
166.49077342 -45.08505685
166.48516450 -45.09227563
166.47955416 -45.09949411
166.47394239 -45.10671231
166.46832919 -45.11393021
166.46271456 -45.12114783
166.45709849 -45.12836515
166.45148099 -45.13558219
166.44586206 -45.14279893
166.43871320 -45.14996097
166.43156254 -45.15712255
166.42441006 -45.16428365
166.41725578 -45.17144430
166.41009969 -45.17860447
166.40294179 -45.18576418
166.39578208 -45.19292342
166.38862056 -45.20008218
166.38145725 -45.20724046
166.37429212 -45.21439828
166.36712518 -45.22155562
166.35995643 -45.22871250
166.35278587 -45.23586890
166.34561348 -45.24302484
166.33843929 -45.25018031
166.33126327 -45.25733530
166.32408545 -45.26448983
166.31690580 -45.27164388
166.30972433 -45.27879746
166.30254105 -45.28595058
166.29535595 -45.29310322
166.28816902 -45.30025539
166.28098029 -45.30740707
166.27378974 -45.31455828
166.26659737 -45.32170902
166.25940317 -45.32885928
166.25093640 -45.33430965
166.24246800 -45.33975938
166.23399797 -45.34520846
166.22552631 -45.35065690
166.21705303 -45.35610468
166.20857811 -45.36155182
166.20010157 -45.36699832
166.19162340 -45.37244418
166.18314360 -45.37788939
166.17342864 -45.38230552
166.16371218 -45.38672080
166.15399420 -45.39113524
166.14427472 -45.39554884
166.13455373 -45.39996159
166.12483124 -45.40437349
166.11510724 -45.40878455
166.10538174 -45.41319476
166.09565472 -45.41760413
166.08564185 -45.42187016
166.07562747 -45.42613529
166.06561159 -45.43039952
166.05559422 -45.43466286
166.04557534 -45.43892531
166.03555496 -45.44318686
166.02553309 -45.44744751
166.01550971 -45.45170728
166.00548483 -45.45596614
