175.862000 -37.678200
175.857596 -37.682988
175.853192 -37.687776
175.848787 -37.692564
175.844381 -37.697351
175.839975 -37.702138
175.835568 -37.706926
175.831161 -37.711713
175.826753 -37.716499
175.822345 -37.721286
175.817936 -37.726073
175.813526 -37.730859
175.809116 -37.735645
175.804705 -37.740431
175.800294 -37.745217
175.795882 -37.750003
175.791470 -37.754788
175.787057 -37.759574
175.782643 -37.764359
175.778229 -37.769144
175.773814 -37.773929
175.769399 -37.778714
175.764983 -37.783498
175.760567 -37.788283
175.756150 -37.793067
175.751732 -37.797851
175.747314 -37.802635
175.742896 -37.807418
175.738476 -37.812202
175.734056 -37.816985
175.729636 -37.821769
175.725215 -37.826552
175.720794 -37.831335
175.716371 -37.836117
175.711949 -37.840900
175.707525 -37.845682
175.703102 -37.850465
175.698677 -37.855247
175.694252 -37.860029
175.689827 -37.864810
175.685400 -37.869592
175.680974 -37.874373
175.676546 -37.879155
175.672118 -37.883936
175.667690 -37.888717
175.663261 -37.893497
175.658831 -37.898278
175.654401 -37.903058
175.649970 -37.907839
175.645539 -37.912619
175.641107 -37.917399
175.636675 -37.922178
175.632242 -37.926958
175.627808 -37.931737
175.623374 -37.936517
175.618939 -37.941296
175.614504 -37.946075
175.610068 -37.950853
175.605631 -37.955632
175.601194 -37.960410
175.596756 -37.965189
175.592318 -37.969967
175.587879 -37.974745
175.583440 -37.979522
175.579000 -37.984300
174.238000 -39.457400
174.232694 -39.462797
174.227386 -39.468193
174.222078 -39.473590
174.216769 -39.478986
174.211460 -39.484382
174.206149 -39.489777
174.200838 -39.495172
174.195525 -39.500568
174.190212 -39.505962
174.184898 -39.511357
174.179584 -39.516751
174.174268 -39.522146
174.168952 -39.527539
174.163635 -39.532933
174.158317 -39.538327
174.152998 -39.543720
174.147678 -39.549113
174.142358 -39.554505
174.137037 -39.559898
174.131714 -39.565290
174.126391 -39.570682
174.121068 -39.576074
174.115743 -39.581465
174.110418 -39.586856
174.105091 -39.592247
174.099764 -39.597638
174.094436 -39.603028
174.089108 -39.608419
174.083778 -39.613809
174.078448 -39.619198
174.073116 -39.624588
174.067784 -39.629977
174.062451 -39.635366
174.057118 -39.640755
174.051783 -39.646144
174.046448 -39.651532
174.041111 -39.656920
174.035774 -39.662308
174.030437 -39.667695
174.025098 -39.673083
174.019758 -39.678470
174.014418 -39.683857
174.009077 -39.689243
174.003735 -39.694630
173.998392 -39.700016
173.993048 -39.705401
173.987703 -39.710787
173.982358 -39.716172
173.977012 -39.721558
173.971665 -39.726942
173.966317 -39.732327
173.960968 -39.737711
173.955618 -39.743096
173.950268 -39.748480
173.944917 -39.753863
173.939565 -39.759247
173.934212 -39.764630
173.928858 -39.770013
173.923503 -39.775395
173.918148 -39.780778
173.912792 -39.786160
173.907435 -39.791542
173.902077 -39.796923
173.896718 -39.802305
173.891358 -39.807686
173.885998 -39.813067
173.880637 -39.818448
173.875274 -39.823828
173.869911 -39.829208
173.864548 -39.834588
173.859183 -39.839968
173.853817 -39.845347
173.848451 -39.850727
173.843084 -39.856106
173.837716 -39.861484
173.832347 -39.866863
173.826977 -39.872241
173.821607 -39.877619
173.816235 -39.882997
173.810863 -39.888374
173.805490 -39.893751
173.800116 -39.899128
173.794741 -39.904505
173.789366 -39.909882
173.783989 -39.915258
173.778612 -39.920634
173.773234 -39.926010
173.767855 -39.931385
173.762475 -39.936760
173.757094 -39.942135
173.751713 -39.947510
173.746331 -39.952885
173.740947 -39.958259
173.735563 -39.963633
173.730178 -39.969007
173.724793 -39.974380
173.719406 -39.979753
173.714019 -39.985126
173.708630 -39.990499
173.703241 -39.995872
173.697851 -40.001244
173.692460 -40.006616
173.687069 -40.011988
173.681676 -40.017359
173.676283 -40.022730
173.670888 -40.028101
173.665493 -40.033472
173.660097 -40.038843
173.654701 -40.044213
173.649303 -40.049583
173.643905 -40.054953
173.638505 -40.060322
173.633105 -40.065691
173.627704 -40.071060
173.622302 -40.076429
173.616899 -40.081798
173.611496 -40.087166
173.606091 -40.092534
173.600686 -40.097902
173.595280 -40.103269
173.589873 -40.108636
173.584465 -40.114003
173.579056 -40.119370
173.573647 -40.124737
173.568236 -40.130103
173.562825 -40.135469
173.557413 -40.140835
173.552000 -40.146200
