167.850000 -44.546900
167.840869 -44.550987
167.831736 -44.555074
167.822602 -44.559159
167.813467 -44.563244
167.804330 -44.567328
167.795192 -44.571412
167.786053 -44.575495
167.776913 -44.579577
167.767771 -44.583658
167.758628 -44.587738
167.749484 -44.591818
167.740339 -44.595897
167.731192 -44.599976
167.722044 -44.604053
167.712894 -44.608130
167.703744 -44.612206
167.694592 -44.616282
167.685439 -44.620357
167.676284 -44.624431
167.667128 -44.628504
167.657971 -44.632576
167.648813 -44.636648
167.639653 -44.640719
167.630492 -44.644790
167.621330 -44.648859
167.612167 -44.652928
167.603002 -44.656996
167.593836 -44.661064
167.584668 -44.665130
167.575500 -44.669196
167.566330 -44.673261
167.557159 -44.677326
167.547986 -44.681390
167.538812 -44.685453
167.529637 -44.689515
167.520461 -44.693576
167.511283 -44.697637
167.502104 -44.701697
167.492924 -44.705757
167.483743 -44.709815
167.474560 -44.713873
167.465376 -44.717930
167.456190 -44.721986
167.447004 -44.726042
167.437816 -44.730097
167.428627 -44.734151
167.419436 -44.738205
167.410244 -44.742257
167.401051 -44.746309
167.391857 -44.750360
167.382661 -44.754411
167.373464 -44.758461
167.364266 -44.762510
167.355066 -44.766558
167.345866 -44.770606
167.336663 -44.774652
167.327460 -44.778698
167.318255 -44.782744
167.309049 -44.786788
167.299842 -44.790832
167.290633 -44.794875
167.281424 -44.798918
167.272212 -44.802959
167.263000 -44.807000
172.102000 -42.616200
172.111255 -42.615037
172.120510 -42.613872
172.129765 -42.612707
172.139019 -42.611542
172.148273 -42.610375
172.157527 -42.609208
172.166780 -42.608040
172.176033 -42.606871
172.185286 -42.605702
172.194538 -42.604532
172.203790 -42.603361
172.213042 -42.602189
172.222293 -42.601017
172.231544 -42.599844
172.240794 -42.598670
172.250045 -42.597495
172.259294 -42.596320
172.268544 -42.595144
172.277793 -42.593967
172.287042 -42.592789
172.296290 -42.591611
172.305538 -42.590432
172.314786 -42.589252
172.324034 -42.588071
172.333281 -42.586890
172.342527 -42.585708
172.351774 -42.584525
172.361020 -42.583342
172.370265 -42.582157
172.379510 -42.580972
172.388755 -42.579787
172.398000 -42.578600
