171.19977592 -42.98711496
171.19263258 -42.97993439
171.18549091 -42.97275339
171.17835090 -42.96557194
171.17121256 -42.95839006
171.16407589 -42.95120774
171.15694089 -42.94402498
171.15001163 -42.93724215
171.14308390 -42.93045890
171.13615770 -42.92367524
171.12923303 -42.91689117
171.12230988 -42.91010668
171.11538825 -42.90332178
171.11676147 -42.89476832
171.11813425 -42.88621484
171.11950663 -42.87766135
171.12087862 -42.86910783
171.12225021 -42.86055429
171.12362140 -42.85200073
171.12499220 -42.84344715
171.13009176 -42.83543141
171.13518999 -42.82741543
171.14028688 -42.81939921
171.14538243 -42.81138274
171.15047664 -42.80336603
171.15556947 -42.79534911
171.16160233 -42.78830011
171.16763379 -42.78125078
171.17366387 -42.77420111
171.17969257 -42.76715112
171.18727095 -42.76012555
171.19484760 -42.75309946
171.20242250 -42.74607285
171.20999563 -42.73904572
171.21756705 -42.73201806
171.22436986 -42.72469203
171.23117105 -42.71736557
171.23797063 -42.71003870
171.24476860 -42.70271140
171.25156494 -42.69538368
171.25910210 -42.68921038
171.26663776 -42.68303656
171.27417192 -42.67686224
171.28170457 -42.67068739
171.28923572 -42.66451204
171.29865391 -42.66007968
171.30807077 -42.65564653
171.31748628 -42.65121258
171.32690046 -42.64677784
171.33631330 -42.64234231
171.34608115 -42.63782185
171.35584759 -42.63330053
171.36561262 -42.62877836
171.37537623 -42.62425534
171.38513842 -42.61973147
171.39489921 -42.61520675
171.40465861 -42.61068120
171.41441663 -42.60615484
171.42417323 -42.60162763
171.43392840 -42.59709957
171.44385142 -42.59228115
171.45377291 -42.58746186
171.46369286 -42.58264168
171.47361127 -42.57782062
171.48352815 -42.57299869
171.49313479 -42.57026809
171.50274060 -42.56753668
171.51234557 -42.56480447
171.52194971 -42.56207143
171.53155300 -42.55933758
171.54130673 -42.55565198
171.55105931 -42.55196553
171.56081075 -42.54827824
171.57056103 -42.54459011
171.58031016 -42.54090112
171.59005815 -42.53721130
171.60108764 -42.53377467
171.61211591 -42.53033698
171.62314297 -42.52689820
171.63416882 -42.52345835
171.64561059 -42.52057824
171.65705131 -42.51769697
171.66849098 -42.51481455
171.67992960 -42.51193096
171.69136718 -42.50904622
171.70280371 -42.50616032
171.71315807 -42.50365802
171.72351160 -42.50115477
171.73386432 -42.49865057
171.74421620 -42.49614542
171.75456727 -42.49363933
171.76491751 -42.49113229
171.77526692 -42.48862430
171.78561552 -42.48611537
171.79689935 -42.48512412
171.80818283 -42.48413175
171.81946596 -42.48313827
171.83074875 -42.48214366
171.84203118 -42.48114793
171.85331327 -42.48015108
171.86459501 -42.47915311
171.87587641 -42.47815402
171.88715745 -42.47715381
171.89843814 -42.47615248
171.90971844 -42.47515004
171.92099839 -42.47414648
171.93219451 -42.47425267
171.94339068 -42.47435776
171.95458690 -42.47446175
171.96578317 -42.47456464
171.97697948 -42.47466644
171.98817584 -42.47476713
171.99937224 -42.47486672
172.01056868 -42.47496522
172.02176516 -42.47506262
172.03296169 -42.47515892
172.04361405 -42.47298653
172.05426568 -42.47081314
172.06491658 -42.46863874
172.07556675 -42.46646335
172.08621618 -42.46428696
172.09686488 -42.46210958
172.10751285 -42.45993119
172.11816008 -42.45775180
172.13029592 -42.45811055
172.14243191 -42.45846802
172.15456805 -42.45882419
172.16670433 -42.45917908
172.17884076 -42.45953268
172.19097734 -42.45988498
172.20311406 -42.46023600
172.21525091 -42.46058572
172.22738791 -42.46093415
172.23952505 -42.46128129
172.25166234 -42.46162715
172.26379976 -42.46197171
172.27593733 -42.46231499
172.28807503 -42.46265698
172.30021287 -42.46299767
172.31235085 -42.46333708
172.32448896 -42.46367519
172.33662721 -42.46401202
172.34876559 -42.46434756
172.36090410 -42.46468182
172.37304274 -42.46501478
172.38518152 -42.46534646
172.39732044 -42.46567685
172.40945948 -42.46600593
172.42159865 -42.46633371
172.43373794 -42.46666020
172.44587736 -42.46698541
172.45551623 -42.46846179
172.46515556 -42.46993736
172.47479534 -42.47141212
172.48443558 -42.47288606
172.49407627 -42.47435920
172.50515527 -42.47708845
172.51623524 -42.47981663
172.52731614 -42.48254373
172.53839785 -42.48526975
172.54704648 -42.49073612
172.55569662 -42.49620183
172.56434825 -42.50166688
172.57300137 -42.50713127
172.58165601 -42.51259500
172.58546312 -42.52089861
172.58927125 -42.52920208
172.59308040 -42.53750541
172.59689055 -42.54580860
172.60070171 -42.55411165
172.60278144 -42.56126506
172.60486161 -42.56841842
172.60694226 -42.57557174
172.60902339 -42.58272501
172.61110500 -42.58987822
172.60545166 -42.59671850
172.59979704 -42.60355850
172.59414122 -42.61039821
172.58848417 -42.61723762
172.58282588 -42.62407674
172.57446786 -42.62933325
172.56610841 -42.63458914
172.55774747 -42.63984443
172.54938507 -42.64509911
172.54102126 -42.65035317
172.53342613 -42.65618149
172.52582957 -42.66200930
172.51823160 -42.66783660
172.51063220 -42.67366338
172.50303138 -42.67948966
172.49524399 -42.68427845
172.48745540 -42.68906670
172.47966562 -42.69385442
172.47187463 -42.69864160
172.46119207 -42.70159227
172.45050850 -42.70454194
172.43982392 -42.70749061
172.42913832 -42.71043829
172.41845171 -42.71338496
172.40713977 -42.71675611
172.39582658 -42.72012613
172.38451214 -42.72349501
172.37319648 -42.72686277
172.36187960 -42.73022942
172.35167063 -42.73320828
172.34146067 -42.73618624
172.33124975 -42.73916328
172.32103784 -42.74213941
172.31082496 -42.74511463
172.30061110 -42.74808893
172.29039627 -42.75106232
172.28018047 -42.75403479
172.26966643 -42.75754037
172.25915120 -42.76104499
172.24863479 -42.76454863
172.23811719 -42.76805131
172.22759841 -42.77155302
172.21707844 -42.77505375
172.20655729 -42.77855352
172.19603496 -42.78205232
172.18551145 -42.78555013
172.17498675 -42.78904698
172.16330965 -42.79158157
172.15163160 -42.79411496
172.13995259 -42.79664716
172.12827264 -42.79917816
172.11659173 -42.80170797
172.10490988 -42.80423658
172.09322707 -42.80676399
172.08154331 -42.80929020
172.06985860 -42.81181522
172.05817294 -42.81433904
172.04648633 -42.81686167
172.03479877 -42.81938309
172.02427040 -42.82175697
172.01374122 -42.82412988
172.00321124 -42.82650182
171.99268046 -42.82887278
171.98214887 -42.83124277
171.97161648 -42.83361178
171.96108328 -42.83597982
171.95054928 -42.83834688
171.94006022 -42.84128657
171.92957016 -42.84422529
171.91907910 -42.84716305
171.90858705 -42.85009984
171.89809399 -42.85303565
171.88759988 -42.85597046
171.87710477 -42.85890431
171.86660867 -42.86183720
171.85698947 -42.86513526
171.84736924 -42.86843250
171.83774798 -42.87172893
171.82812571 -42.87502454
171.81850240 -42.87831934
171.80887807 -42.88161332
171.79925272 -42.88490649
171.78931504 -42.88814447
171.77937631 -42.89138159
171.76943655 -42.89461783
171.75949575 -42.89785321
171.74955390 -42.90108771
171.73961101 -42.90432134
171.72966708 -42.90755410
171.72019255 -42.91125919
171.71071688 -42.91496349
171.70124007 -42.91866700
171.69176210 -42.92236969
171.68228300 -42.92607160
171.67280275 -42.92977271
171.66248468 -42.93148945
171.65216604 -42.93320526
171.64184682 -42.93492013
171.63152704 -42.93663407
171.62120668 -42.93834707
171.61088576 -42.94005913
171.60056427 -42.94177025
171.59013844 -42.94396407
171.57971188 -42.94615693
171.56928457 -42.94834883
171.55885653 -42.95053977
171.54842775 -42.95272976
171.53799823 -42.95491879
171.52756798 -42.95710686
171.51713699 -42.95929398
171.50616879 -42.96219964
171.49519958 -42.96510425
171.48422935 -42.96800780
171.47325809 -42.97091029
171.46228580 -42.97381172
171.45153593 -42.97557169
171.44078546 -42.97733064
171.43003438 -42.97908857
171.41928268 -42.98084549
171.40853038 -42.98260139
171.39777755 -42.98435628
171.38702438 -42.98611021
171.37627061 -42.98786312
171.36551343 -42.98798146
171.35475622 -42.98809879
171.34399898 -42.98821510
171.33324171 -42.98833039
171.32248441 -42.98844466
171.31172707 -42.98855792
171.30096971 -42.98867015
171.28972566 -42.98850181
171.27848169 -42.98833234
171.26723778 -42.98816177
171.25599395 -42.98799008
171.24475020 -42.98781728
171.23350652 -42.98764337
171.22226291 -42.98746834
171.21101938 -42.98729221
171.19977592 -42.98711496
166.12263855 -46.52183186
166.12672082 -46.51357831
166.13080184 -46.50532457
166.13488161 -46.49707065
166.13896012 -46.48881654
166.14303738 -46.48056225
166.14711338 -46.47230777
166.15118813 -46.46405311
166.15526163 -46.45579827
166.15933388 -46.44754325
166.16340488 -46.43928805
166.16747463 -46.43103266
166.17154313 -46.42277709
166.17561038 -46.41452134
166.17967639 -46.40626541
166.18374115 -46.39800930
166.18780466 -46.38975300
166.19186693 -46.38149651
166.19592795 -46.37323985
166.19998774 -46.36498301
166.20404627 -46.35672598
166.20810357 -46.34846878
166.21273529 -46.34057739
166.21736567 -46.33268578
166.22199470 -46.32479395
166.22662239 -46.31690189
166.23124873 -46.30900962
166.23587372 -46.30111712
166.24049738 -46.29322440
166.24511970 -46.28533146
166.24974068 -46.27743829
166.25436032 -46.26954491
166.25897862 -46.26165131
166.26359558 -46.25375748
166.26821120 -46.24586344
166.27282549 -46.23796919
166.27743844 -46.23007471
166.28205006 -46.22218002
166.28666034 -46.21428510
166.29126928 -46.20638997
166.29577482 -46.19800319
166.30027898 -46.18961617
166.30478176 -46.18122895
166.30928315 -46.17284152
166.31378316 -46.16445387
166.31828178 -46.15606601
166.32277903 -46.14767795
166.32727489 -46.13928967
166.33176937 -46.13090119
166.33626247 -46.12251249
166.34075419 -46.11412359
166.34524454 -46.10573447
166.34973351 -46.09734515
166.35422112 -46.08895560
166.35870736 -46.08056585
166.36380686 -46.07275100
166.36890491 -46.06493589
166.37400152 -46.05712053
166.37909668 -46.04930491
166.38419039 -46.04148904
166.38928266 -46.03367291
166.39437348 -46.02585652
166.39946286 -46.01803988
166.40455079 -46.01022299
166.40963728 -46.00240585
166.41472233 -45.99458844
166.41980595 -45.98677078
166.42488813 -45.97895286
166.42996887 -45.97113469
166.43504817 -45.96331626
166.44012603 -45.95549758
166.44520246 -45.94767865
166.45027745 -45.93985947
166.45518038 -45.93170478
166.46008186 -45.92354984
166.46498190 -45.91539467
166.46988049 -45.90723926
166.47477764 -45.89908361
166.47967334 -45.89092772
166.48456760 -45.88277159
166.48946041 -45.87461522
166.49435178 -45.86645861
166.49924171 -45.85830177
166.50413020 -45.85014469
166.50901725 -45.84198738
166.51390286 -45.83382983
166.51878702 -45.82567205
166.52366975 -45.81751403
166.52855104 -45.80935577
166.53343089 -45.80119729
166.53915674 -45.79330362
166.54488094 -45.78540963
166.55060352 -45.77751533
166.55632446 -45.76962073
166.56204379 -45.76172581
166.56776148 -45.75383058
166.57347755 -45.74593503
166.57919200 -45.73803918
166.58291329 -45.73258828
166.58663385 -45.72713725
166.59052348 -45.71992974
166.59441211 -45.71272207
166.59829972 -45.70551426
166.60218634 -45.69830630
166.60607189 -45.69109817
166.61114211 -45.68368262
166.61621098 -45.67626683
166.62127850 -45.66885080
166.62634466 -45.66143452
166.63140948 -45.65401799
166.63647294 -45.64660123
166.64153505 -45.63918421
166.64659582 -45.63176696
166.65165524 -45.62434946
166.65671331 -45.61693171
166.66177003 -45.60951373
166.66429938 -45.60268944
166.66682810 -45.59586507
166.66935618 -45.58904063
166.67188363 -45.58221612
166.67948927 -45.57603498
166.68709323 -45.56985330
166.69469552 -45.56367111
166.70229612 -45.55748838
166.70989501 -45.55130513
166.71749223 -45.54512136
166.72508777 -45.53893706
166.73268165 -45.53275224
166.74027385 -45.52656689
166.74786439 -45.52038102
166.75556420 -45.51383785
166.76326222 -45.50729413
166.77095845 -45.50074988
166.77865289 -45.49420508
166.78634553 -45.48765974
166.79403639 -45.48111387
166.80172547 -45.47456747
166.81214534 -45.46948942
166.82256334 -45.46441041
166.83297948 -45.45933044
166.84339375 -45.45424950
166.85380616 -45.44916760
166.86421670 -45.44408473
166.87462538 -45.43900090
166.88003946 -45.43218589
166.88929937 -45.42620700
166.89855732 -45.42022734
166.90781332 -45.41424690
166.91706736 -45.40826570
166.92631945 -45.40228372
166.93556958 -45.39630097
166.94481774 -45.39031743
166.95234629 -45.38426494
166.95987322 -45.37821194
166.96739853 -45.37215843
166.97492223 -45.36610440
166.98244432 -45.36004986
166.98996479 -45.35399481
166.99748365 -45.34793924
167.00500091 -45.34188317
167.01588518 -45.33973529
167.02676864 -45.33758638
167.03509030 -45.33078633
167.04340997 -45.32398566
167.05172763 -45.31718437
167.06004331 -45.31038246
167.06835699 -45.30357992
167.07666869 -45.29677677
167.08497842 -45.28997300
167.09012457 -45.28513579
167.09526984 -45.28029834
167.10041423 -45.27546065
167.10748013 -45.26949630
167.11454453 -45.26353150
167.12160744 -45.25756625
167.12866887 -45.25160054
167.13572880 -45.24563439
167.14278724 -45.23966779
167.14960763 -45.23311768
167.15642644 -45.22656716
167.16324366 -45.22001621
167.17005931 -45.21346484
167.17687338 -45.20691305
167.18368587 -45.20036084
167.19049677 -45.19380817
167.19730609 -45.18725507
167.20411384 -45.18070157
167.21088239 -45.17325632
167.21764915 -45.16581066
167.22441414 -45.15836458
167.23117734 -45.15091808
167.23793876 -45.14347117
167.24469840 -45.13602385
167.25145626 -45.12857610
167.25821234 -45.12112794
167.26496665 -45.11367937
167.27171917 -45.10623038
167.27846992 -45.09878098
167.28521889 -45.09133115
167.29196608 -45.08388090
167.29829433 -45.07679517
167.30462104 -45.06970909
167.31094618 -45.06262266
167.31726975 -45.05553587
167.32359175 -45.04844872
167.32991216 -45.04136120
167.33623100 -45.03427332
167.34128104 -45.02736155
167.34632986 -45.02044955
167.35137744 -45.01353732
167.35642379 -45.00662485
167.36146892 -44.99971216
167.36651285 -44.99279921
167.37255152 -44.98521771
167.37858859 -44.97763589
167.38462404 -44.97005373
167.39065789 -44.96247125
167.39669013 -44.95488844
167.40694854 -44.95029537
167.41277273 -44.94281520
167.41859539 -44.93533472
167.42441652 -44.92785394
167.43023612 -44.92037285
167.43605420 -44.91289145
167.44322395 -44.90674672
167.45039216 -44.90060154
167.45755890 -44.89445589
167.46472413 -44.88830979
167.47188782 -44.88216323
167.47655591 -44.87472134
167.48122277 -44.86727926
167.48588841 -44.85983698
167.49055283 -44.85239449
167.49846402 -44.84728318
167.50637377 -44.84217130
167.51428211 -44.83705886
167.52218903 -44.83194586
167.53009454 -44.82683230
167.53906176 -44.82066814
167.54802706 -44.81450326
167.55699042 -44.80833765
167.56595184 -44.80217133
167.57465656 -44.79712825
167.58335977 -44.79208450
167.59206145 -44.78704006
167.60076159 -44.78199495
167.60946020 -44.77694916
167.61815728 -44.77190269
167.62685282 -44.76685555
167.63701587 -44.76196149
167.64717718 -44.75706650
167.65733676 -44.75217060
167.66749460 -44.74727377
167.67765072 -44.74237602
167.68780511 -44.73747734
167.69795776 -44.73257775
167.70810871 -44.72767724
167.71762011 -44.72366109
167.72713018 -44.71964414
167.73663893 -44.71562638
167.74614635 -44.71160781
167.75565244 -44.70758843
167.76515721 -44.70356824
167.77457659 -44.69998878
167.78399482 -44.69640852
167.79341189 -44.69282747
167.80282777 -44.68924562
167.81224245 -44.68566299
167.82095989 -44.68068832
167.82967583 -44.67571297
167.83839026 -44.67073694
167.84710318 -44.66576023
167.85580332 -44.66012076
167.86450175 -44.65448060
167.87319848 -44.64883977
167.88189350 -44.64319826
167.89058682 -44.63755607
167.89927844 -44.63191320
167.90796834 -44.62626965
167.91665654 -44.62062543
167.92534304 -44.61498053
167.93261583 -44.61005348
167.93988738 -44.60512595
167.94715768 -44.60019795
167.95442674 -44.59526947
167.95914952 -44.58804777
167.96387110 -44.58082587
167.96859150 -44.57360377
167.97331070 -44.56638146
167.97802871 -44.55915896
167.98274553 -44.55193625
167.98746115 -44.54471334
167.99323943 -44.53693462
167.99901614 -44.52915559
168.00479129 -44.52137626
168.01056487 -44.51359663
168.01633689 -44.50581669
168.02210735 -44.49803646
168.01579418 -44.49191800
168.00948233 -44.48579921
168.00317183 -44.47968007
167.99686266 -44.47356059
167.98476016 -44.47223655
167.97265824 -44.47091121
167.96055689 -44.46958458
167.94845611 -44.46825665
167.93635591 -44.46692743
167.92425627 -44.46559691
167.91215721 -44.46426509
167.90005873 -44.46293198
167.88796080 -44.46159757
167.87583938 -44.46308377
167.86371735 -44.46456866
167.85159471 -44.46605225
167.83947147 -44.46753452
167.82741104 -44.46937621
167.81534985 -44.47121659
167.80328792 -44.47305568
167.79122521 -44.47489348
167.77916174 -44.47672998
167.76709753 -44.47856518
167.75503256 -44.48039909
167.74311561 -44.48229817
167.73119790 -44.48419598
167.71927941 -44.48609253
167.70736016 -44.48798781
167.69544014 -44.48988183
167.68351936 -44.49177458
167.67159781 -44.49366607
167.65967549 -44.49555628
167.64949829 -44.49958048
167.63931968 -44.50360375
167.62913965 -44.50762608
167.61895821 -44.51164749
167.60877536 -44.51566797
167.59859109 -44.51968752
167.58840540 -44.52370615
167.57737950 -44.52751939
167.56635214 -44.53133154
167.55532334 -44.53514260
167.54429309 -44.53895257
167.53326139 -44.54276145
167.52222824 -44.54656924
167.51119365 -44.55037595
167.50015761 -44.55418156
167.48912011 -44.55798609
167.47808117 -44.56178952
167.46704078 -44.56559187
167.45599894 -44.56939312
167.44493686 -44.57339124
167.43387325 -44.57738826
167.42280812 -44.58138418
167.41174146 -44.58537901
167.40067328 -44.58937274
167.38960357 -44.59336538
167.38150581 -44.59885513
167.37340649 -44.60434429
167.36530562 -44.60983285
167.35500385 -44.61435147
167.34470047 -44.61886913
167.33439548 -44.62338585
167.32408887 -44.62790161
167.31378065 -44.63241642
167.30347082 -44.63693028
167.29315940 -44.64144321
167.28284639 -44.64595519
167.27253177 -44.65046622
167.26221554 -44.65497630
167.25189770 -44.65948543
167.24157825 -44.66399360
167.23125719 -44.66850082
167.22093452 -44.67300709
167.21061025 -44.67751240
167.20028436 -44.68201676
167.18995687 -44.68652017
167.17938691 -44.68898458
167.16881604 -44.69144799
167.15824429 -44.69391040
167.14767164 -44.69637182
167.13709809 -44.69883224
167.12652365 -44.70129166
167.11594832 -44.70375008
167.10645566 -44.70660422
167.09696206 -44.70945755
167.08746752 -44.71231009
167.07797203 -44.71516182
167.06650214 -44.71733772
167.05503138 -44.71951246
167.04355978 -44.72168602
167.03208732 -44.72385840
167.02061401 -44.72602962
167.00913985 -44.72819966
166.99766483 -44.73036854
166.98618894 -44.73253625
166.97471219 -44.73470278
166.96323459 -44.73686815
166.95206618 -44.73944802
166.94089678 -44.74202679
166.92972638 -44.74460444
166.91855500 -44.74718098
166.90738262 -44.74975640
166.89620925 -44.75233071
166.88503487 -44.75490391
166.87385951 -44.75747600
166.86268316 -44.76004698
166.85150583 -44.76261684
166.84032752 -44.76518558
166.82889163 -44.76810404
166.81745460 -44.77102134
166.80601642 -44.77393746
166.79457706 -44.77685244
166.78313651 -44.77976626
166.77367549 -44.78421910
166.76421300 -44.78867113
166.75474905 -44.79312237
166.74528364 -44.79757280
166.73581677 -44.80202242
166.72449825 -44.80538305
166.71317841 -44.80874254
166.70185726 -44.81210089
166.69222739 -44.81634715
166.68259609 -44.82059257
166.67296338 -44.82483717
166.66387548 -44.83022546
166.65478587 -44.83561301
166.64569457 -44.84099981
166.63660156 -44.84638587
166.62750684 -44.85177119
166.61841043 -44.85715577
166.61068739 -44.86174061
166.60296311 -44.86632491
166.59523758 -44.87090868
166.58751080 -44.87549191
166.57908500 -44.88182660
166.57065734 -44.88816065
166.56222781 -44.89449406
166.55379640 -44.90082682
166.54656920 -44.90764469
166.53934028 -44.91446208
166.53210964 -44.92127899
166.52487728 -44.92809543
166.51764319 -44.93491140
166.51040737 -44.94172689
166.50316983 -44.94854191
166.49593055 -44.95535646
166.48959914 -44.96209417
166.48326624 -44.96883152
166.47693183 -44.97556849
166.47059592 -44.98230511
166.46425851 -44.98904135
166.45791960 -44.99577724
166.45157919 -45.00251274
166.44478442 -45.00998971
166.43798787 -45.01746626
166.43118953 -45.02494239
166.42438942 -45.03241810
166.41758751 -45.03989339
166.41078382 -45.04736825
166.40397835 -45.05484269
166.39885362 -45.06135558
166.39372772 -45.06786822
166.38860064 -45.07438063
166.38347238 -45.08089280
166.37834295 -45.08740472
166.37377473 -45.09415779
166.36920541 -45.10091066
166.36463497 -45.10766333
166.36006343 -45.11441581
166.35384359 -45.12082418
166.34762234 -45.12723219
166.34139969 -45.13363985
166.33517564 -45.14004715
166.32895017 -45.14645410
166.32272330 -45.15286069
166.31601278 -45.15978632
166.30930062 -45.16671153
166.30258682 -45.17363634
166.29587137 -45.18056073
166.28808855 -45.18757191
166.28030381 -45.19458254
166.27251716 -45.20159260
166.26472857 -45.20860212
166.25727523 -45.21453599
166.24982032 -45.22046936
166.24236386 -45.22640222
166.23490583 -45.23233459
166.22744625 -45.23826644
166.21998510 -45.24419780
166.21309378 -45.25065995
166.20620088 -45.25712167
166.19930641 -45.26358296
166.19241035 -45.27004383
166.18213044 -45.27471175
166.17184885 -45.27937873
166.16156559 -45.28404476
166.15128065 -45.28870985
166.14099403 -45.29337399
166.13070573 -45.29803718
166.12272717 -45.30389241
166.11474696 -45.30974705
166.10676509 -45.31560112
166.09878158 -45.32145462
166.09079640 -45.32730754
166.08039641 -45.33140257
166.06999492 -45.33549663
166.05959195 -45.33958973
166.04918749 -45.34368186
166.03878153 -45.34777303
166.02837409 -45.35186323
166.01796515 -45.35595247
166.00755473 -45.36004074
