176.680000 -36.969000
176.670672 -36.964952
176.661345 -36.960903
176.652019 -36.956854
176.642694 -36.952803
176.633371 -36.948752
176.624048 -36.944700
176.614726 -36.940648
176.605405 -36.936595
176.596085 -36.932541
176.586766 -36.928486
176.577448 -36.924431
176.568131 -36.920375
176.558815 -36.916318
176.549500 -36.912260
176.540186 -36.908202
176.530873 -36.904143
176.521561 -36.900083
176.512250 -36.896023
176.502940 -36.891962
176.493631 -36.887900
176.484323 -36.883837
176.475016 -36.879774
176.465710 -36.875710
176.456405 -36.871645
176.447101 -36.867579
176.437798 -36.863513
176.428496 -36.859446
176.419195 -36.855378
176.409894 -36.851310
176.400595 -36.847241
176.391297 -36.843171
176.382000 -36.839100
176.368932 -36.849888
176.355861 -36.860674
176.342786 -36.871460
176.329708 -36.882243
176.316625 -36.893025
176.303540 -36.903806
176.290450 -36.914586
176.277356 -36.925363
176.264259 -36.936140
176.251159 -36.946915
176.238054 -36.957689
176.224946 -36.968461
176.211834 -36.979231
176.198718 -36.990001
176.185599 -37.000769
176.172476 -37.011535
176.159349 -37.022300
176.146219 -37.033063
176.133084 -37.043825
176.119947 -37.054586
176.106805 -37.065345
176.093659 -37.076103
176.080510 -37.086859
176.067357 -37.097614
176.054201 -37.108367
176.041041 -37.119119
176.027876 -37.129870
176.014709 -37.140619
176.001537 -37.151366
175.988362 -37.162112
175.975183 -37.172857
175.962000 -37.183600
175.944211 -37.199457
175.926414 -37.215312
175.908609 -37.231164
175.890797 -37.247013
175.872978 -37.262860
175.855151 -37.278704
175.837317 -37.294545
175.819475 -37.310384
175.801626 -37.326220
175.783769 -37.342053
175.765904 -37.357883
175.748032 -37.373711
175.730153 -37.389536
175.712266 -37.405359
175.694371 -37.421179
175.676469 -37.436996
175.658559 -37.452810
175.640642 -37.468622
175.622717 -37.484431
175.604784 -37.500237
175.586844 -37.516041
175.568896 -37.531841
175.550941 -37.547640
175.532978 -37.563435
175.515008 -37.579228
175.497029 -37.595018
175.479044 -37.610805
175.461050 -37.626589
175.443049 -37.642371
175.425040 -37.658150
175.407024 -37.673926
175.389000 -37.689700
175.376713 -37.712604
175.364419 -37.735508
175.352117 -37.758409
175.339807 -37.781310
175.327490 -37.804209
175.315165 -37.827107
175.302832 -37.850004
175.290492 -37.872900
175.278144 -37.895794
175.265789 -37.918687
175.253425 -37.941578
175.241054 -37.964469
175.228676 -37.987358
175.216289 -38.010245
175.203895 -38.033132
175.191493 -38.056017
175.179083 -38.078901
175.166666 -38.101783
175.154241 -38.124664
175.141808 -38.147544
175.129367 -38.170423
175.116918 -38.193300
175.104462 -38.216176
175.091998 -38.239051
175.079525 -38.261924
175.067045 -38.284796
175.054558 -38.307667
175.042062 -38.330536
175.029558 -38.353404
175.017047 -38.376271
175.004527 -38.399136
174.992000 -38.422000
174.970997 -38.438884
174.949985 -38.455764
174.928963 -38.472640
174.907930 -38.489513
174.886888 -38.506381
174.865837 -38.523246
174.844775 -38.540107
174.823703 -38.556965
174.802622 -38.573819
174.781530 -38.590668
174.760429 -38.607514
174.739318 -38.624357
174.718197 -38.641195
174.697066 -38.658030
174.675925 -38.674861
174.654774 -38.691688
174.633613 -38.708511
174.612442 -38.725331
174.591261 -38.742146
174.570071 -38.758958
174.548870 -38.775766
174.527659 -38.792570
174.506438 -38.809370
174.485207 -38.826167
174.463967 -38.842960
174.442716 -38.859748
174.421455 -38.876533
174.400184 -38.893314
174.378903 -38.910092
174.357612 -38.926865
174.336311 -38.943634
174.315000 -38.960400
174.285041 -38.977679
174.255067 -38.994951
174.225078 -39.012215
174.195075 -39.029472
174.165057 -39.046721
174.135024 -39.063962
174.104977 -39.081195
174.074915 -39.098421
174.044838 -39.115639
174.014747 -39.132849
173.984641 -39.150051
173.954520 -39.167246
173.924385 -39.184433
173.894235 -39.201612
173.864070 -39.218784
173.833890 -39.235947
173.803696 -39.253103
173.773486 -39.270251
173.743262 -39.287391
173.713023 -39.304524
173.682770 -39.321649
173.652501 -39.338765
173.622218 -39.355874
173.591920 -39.372975
173.561607 -39.390068
173.531279 -39.407154
173.500937 -39.424231
173.470579 -39.441301
173.440207 -39.458362
173.409819 -39.475416
173.379417 -39.492462
173.349000 -39.509500
173.339500 -39.531387
173.329995 -39.553274
173.320483 -39.575159
173.310966 -39.597044
173.301442 -39.618928
173.291912 -39.640811
173.282377 -39.662694
173.272835 -39.684576
173.263287 -39.706457
173.253733 -39.728337
173.244174 -39.750216
173.234608 -39.772095
173.225036 -39.793972
173.215457 -39.815849
173.205873 -39.837726
173.196283 -39.859601
173.186686 -39.881476
173.177084 -39.903350
173.167475 -39.925223
173.157860 -39.947095
173.148239 -39.968966
173.138612 -39.990837
173.128979 -40.012707
173.119339 -40.034576
173.109694 -40.056444
173.100042 -40.078312
173.090384 -40.100179
173.080719 -40.122045
173.071049 -40.143910
173.061372 -40.165774
173.051689 -40.187637
173.042000 -40.209500
173.016419 -40.215981
172.990834 -40.222457
172.965243 -40.228927
172.939648 -40.235392
172.914047 -40.241851
172.888442 -40.248304
172.862832 -40.254752
172.837217 -40.261193
172.811597 -40.267630
172.785972 -40.274060
172.760343 -40.280485
172.734708 -40.286905
172.709069 -40.293318
172.683425 -40.299726
172.657776 -40.306129
172.632122 -40.312525
172.606463 -40.318916
172.580799 -40.325302
172.555131 -40.331681
172.529458 -40.338055
172.503779 -40.344424
172.478096 -40.350786
172.452409 -40.357143
172.426716 -40.363495
172.401018 -40.369840
172.375316 -40.376180
172.349609 -40.382514
172.323897 -40.388843
172.298180 -40.395166
172.272458 -40.401483
172.246731 -40.407794
172.221000 -40.414100
172.197751 -40.428642
172.174491 -40.443179
172.151222 -40.457711
172.127942 -40.472239
172.104652 -40.486762
172.081352 -40.501280
172.058043 -40.515794
172.034723 -40.530303
172.011393 -40.544807
171.988052 -40.559306
171.964702 -40.573801
171.941342 -40.588291
171.917971 -40.602777
171.894591 -40.617258
171.871200 -40.631734
171.847799 -40.646205
171.824388 -40.660671
171.800967 -40.675133
171.777535 -40.689590
171.754094 -40.704043
171.730642 -40.718490
171.707180 -40.732933
171.683708 -40.747371
171.660226 -40.761805
171.636733 -40.776233
171.613231 -40.790657
171.589718 -40.805076
171.566195 -40.819491
171.542661 -40.833900
171.519118 -40.848305
171.495564 -40.862705
171.472000 -40.877100
