171.01362573 -43.08414830
171.00532748 -43.07795572
170.99703090 -43.07176254
170.98873597 -43.06556876
170.98044270 -43.05937438
170.97215109 -43.05317940
170.96386115 -43.04698383
170.95557287 -43.04078766
170.94728626 -43.03459089
170.93900130 -43.02839354
170.93071801 -43.02219558
170.92243638 -43.01599703
170.91415641 -43.00979789
170.90587810 -43.00359815
170.90616689 -42.99514598
170.90645560 -42.98669393
170.90674422 -42.97824188
170.90703274 -42.96978982
170.90732117 -42.96133776
170.90760950 -42.95288570
170.90789774 -42.94443364
170.90818588 -42.93598158
170.90847392 -42.92752952
170.90876187 -42.91907745
170.91302360 -42.91290209
170.91728445 -42.90672655
170.92154445 -42.90055085
170.92580356 -42.89437500
170.93131105 -42.88717946
170.93681724 -42.87998363
170.94232214 -42.87278753
170.94782573 -42.86559115
170.95332802 -42.85839448
170.95882901 -42.85119754
170.96432870 -42.84400032
170.96982709 -42.83680281
170.97492614 -42.82940650
170.98002394 -42.82200995
170.98512051 -42.81461315
170.99021584 -42.80721612
170.99530993 -42.79981884
171.00040270 -42.79242134
171.00549420 -42.78502360
171.01258397 -42.77829874
171.01967218 -42.77157343
171.02675883 -42.76484766
171.03384393 -42.75812143
171.04092747 -42.75139475
171.04800946 -42.74466761
171.05508990 -42.73794002
171.06216878 -42.73121196
171.07043986 -42.72505678
171.07870928 -42.71890098
171.08697705 -42.71274456
171.09524316 -42.70658752
171.10350761 -42.70042986
171.11177040 -42.69427157
171.12003153 -42.68811266
171.12841256 -42.68193813
171.13679191 -42.67576296
171.14516958 -42.66958715
171.15354558 -42.66341071
171.16191991 -42.65723364
171.17029256 -42.65105593
171.17866354 -42.64487759
171.18703285 -42.63869862
171.19495824 -42.63247227
171.20288203 -42.62624536
171.21080421 -42.62001786
171.21872480 -42.61378979
171.22664380 -42.60756116
171.23456120 -42.60133196
171.24426207 -42.59712635
171.25396162 -42.59291989
171.26365987 -42.58871259
171.27335681 -42.58450445
171.28305244 -42.58029547
171.29274677 -42.57608565
171.30243979 -42.57187499
171.31203720 -42.56661844
171.32163299 -42.56136107
171.33122716 -42.55610287
171.34081972 -42.55084385
171.35041065 -42.54558400
171.35999997 -42.54032333
171.36945739 -42.53593344
171.37891348 -42.53154275
171.38836825 -42.52715125
171.39782168 -42.52275896
171.40727381 -42.51836592
171.41672462 -42.51397208
171.42617410 -42.50957745
171.43562225 -42.50518202
171.44603028 -42.50096913
171.45643691 -42.49675527
171.46684212 -42.49254044
171.47724594 -42.48832465
171.48764836 -42.48410790
171.49804937 -42.47989018
171.50844899 -42.47567151
171.51925557 -42.47231933
171.53006099 -42.46896612
171.54086526 -42.46561187
171.55166838 -42.46225658
171.56247035 -42.45890026
171.57327116 -42.45554290
171.58325148 -42.45284921
171.59323095 -42.45015463
171.60320956 -42.44745918
171.61318730 -42.44476284
171.62316420 -42.44206562
171.63314024 -42.43936752
171.64350386 -42.43606177
171.65386640 -42.43275506
171.66422785 -42.42944739
171.67458821 -42.42613877
171.68494748 -42.42282920
171.69606511 -42.42009914
171.70718176 -42.41736799
171.71829744 -42.41463575
171.72941216 -42.41190241
171.74052593 -42.40916798
171.75035709 -42.40622775
171.76018735 -42.40328666
171.77001669 -42.40034471
171.77984510 -42.39740191
171.78967260 -42.39445825
171.80075865 -42.39286109
171.81184414 -42.39126284
171.82292909 -42.38966351
171.83401347 -42.38806309
171.84509731 -42.38646160
171.85690061 -42.38531095
171.86870350 -42.38415909
171.88050597 -42.38300599
171.89230801 -42.38185167
171.90410963 -42.38069613
171.91591082 -42.37953937
171.92745642 -42.37842859
171.93900162 -42.37731664
171.95054643 -42.37620351
171.96209083 -42.37508922
171.97363484 -42.37397375
171.98517846 -42.37285711
171.99672167 -42.37173929
172.00826448 -42.37062031
172.01929452 -42.36990663
172.03032432 -42.36919188
172.04135389 -42.36847606
172.05238321 -42.36775917
172.06341228 -42.36704121
172.07444112 -42.36632219
172.08546971 -42.36560210
172.09649806 -42.36488094
172.10752616 -42.36415870
172.11855400 -42.36343539
172.13022572 -42.36144155
172.14189671 -42.35944651
172.15356697 -42.35745027
172.16523650 -42.35545283
172.17690528 -42.35345418
172.18857335 -42.35145436
172.20008770 -42.35094108
172.21160182 -42.35042665
172.22311577 -42.34991106
172.23462956 -42.34939428
172.24614317 -42.34887634
172.25765660 -42.34835723
172.26916983 -42.34783697
172.28068289 -42.34731554
172.29219575 -42.34679295
172.30391581 -42.34686600
172.31563589 -42.34693785
172.32735601 -42.34700850
172.33907616 -42.34707794
172.35079635 -42.34714619
172.36251657 -42.34721323
172.37423682 -42.34727907
172.38595711 -42.34734371
172.39767742 -42.34740715
172.40939775 -42.34746938
172.42111810 -42.34753041
172.43283848 -42.34759024
172.44455889 -42.34764886
172.45627933 -42.34770628
172.46799978 -42.34776251
172.48006032 -42.34827590
172.49212107 -42.34878803
172.50418202 -42.34929888
172.51624317 -42.34980846
172.52830452 -42.35031676
172.54036607 -42.35082380
172.55242781 -42.35132957
172.56448971 -42.35183406
172.57655157 -42.35233724
172.58861362 -42.35283915
172.60067587 -42.35333978
172.61230766 -42.35486968
172.62394002 -42.35639840
172.63557296 -42.35792594
172.64720644 -42.35945230
172.65884049 -42.36097747
172.67047510 -42.36250146
172.68211027 -42.36402427
172.69374599 -42.36554589
172.70538228 -42.36706634
172.71701913 -42.36858561
172.72686413 -42.37243791
172.73671034 -42.37628936
172.74655776 -42.38013997
172.75640640 -42.38398973
172.76625624 -42.38783863
172.77610726 -42.39168669
172.78435172 -42.39680772
172.79259751 -42.40192816
172.80084464 -42.40704801
172.80909310 -42.41216727
172.81734289 -42.41728592
172.82559402 -42.42240396
172.83384648 -42.42752141
172.84133022 -42.43428186
172.84881556 -42.44104180
172.85630250 -42.44780126
172.86379105 -42.45456021
172.87128121 -42.46131868
172.87877298 -42.46807666
172.88626635 -42.47483416
172.89376135 -42.48159116
172.90125796 -42.48834766
172.89882955 -42.49648377
172.89640046 -42.50461970
172.89397072 -42.51275554
172.89154036 -42.52089130
172.88910937 -42.52902697
172.88667774 -42.53716256
172.88424548 -42.54529805
172.88181258 -42.55343347
172.87937901 -42.56156880
172.87332059 -42.56915383
172.86726060 -42.57673857
172.86119910 -42.58432312
172.85513622 -42.59190758
172.84907230 -42.59949201
172.84300769 -42.60707633
172.83694229 -42.61466023
172.83087558 -42.62224351
172.82279403 -42.62878090
172.81471032 -42.63531766
172.80662457 -42.64185388
172.79853696 -42.64838955
172.79044732 -42.65492471
172.78235578 -42.66145936
172.77426331 -42.66799311
172.76616905 -42.67452634
172.75807289 -42.68105905
172.74933502 -42.68622017
172.74059561 -42.69138068
172.73185477 -42.69654051
172.72311247 -42.70169970
172.71436872 -42.70685823
172.70562351 -42.71201609
172.69687686 -42.71717328
172.68812877 -42.72232981
172.67937922 -42.72748567
172.67062824 -42.73264087
172.66039260 -42.73682113
172.65015559 -42.74100048
172.63991721 -42.74517891
172.62967730 -42.74935632
172.61943599 -42.75353280
172.60919335 -42.75770838
172.59894935 -42.76188305
172.58870402 -42.76605682
172.57845731 -42.77022967
172.56820923 -42.77440161
172.55795978 -42.77857263
172.54770895 -42.78274274
172.53745675 -42.78691193
172.52720317 -42.79108020
172.51662662 -42.79458715
172.50604889 -42.79809312
172.49546998 -42.80159813
172.48488988 -42.80510216
172.47430858 -42.80860521
172.46372608 -42.81210728
172.45314239 -42.81560838
172.44255750 -42.81910849
172.43197141 -42.82260762
172.42138412 -42.82610578
172.41079564 -42.82960295
172.40020595 -42.83309914
172.38961507 -42.83659432
172.37902299 -42.84008853
172.36842972 -42.84358175
172.35783526 -42.84707399
172.34723960 -42.85056524
172.33642317 -42.85293721
172.32560592 -42.85530816
172.31478784 -42.85767809
172.30396893 -42.86004699
172.29314920 -42.86241486
172.28232864 -42.86478171
172.27150726 -42.86714753
172.26068504 -42.86951233
172.24986201 -42.87187611
172.23904668 -42.87355080
172.22823078 -42.87522447
172.21741429 -42.87689711
172.20659722 -42.87856873
172.19577956 -42.88023933
172.18496132 -42.88190890
172.17430539 -42.88430910
172.16364863 -42.88670830
172.15299105 -42.88910651
172.14233264 -42.89150373
172.13167340 -42.89389995
172.11998155 -42.89595370
172.10828891 -42.89800627
172.09659550 -42.90005763
172.08490131 -42.90210779
172.07341393 -42.90471425
172.06192558 -42.90731954
172.05043626 -42.90992368
172.03894598 -42.91252667
172.02745472 -42.91512849
172.01596250 -42.91772916
172.00536836 -42.92008699
171.99477341 -42.92244384
171.98417766 -42.92479970
171.97358110 -42.92715458
171.96298373 -42.92950847
171.95238555 -42.93186138
171.94178656 -42.93421330
171.93021423 -42.93685757
171.91864092 -42.93950066
171.90706661 -42.94214258
171.89549129 -42.94478331
171.88391493 -42.94742285
171.87233759 -42.95006121
171.86075926 -42.95269839
171.84917995 -42.95533440
171.83759964 -42.95796923
171.82626528 -42.96135147
171.81492967 -42.96473258
171.80359281 -42.96811256
171.79225472 -42.97149141
171.78091538 -42.97486912
171.76957480 -42.97824570
171.75823298 -42.98162115
171.74688992 -42.98499546
171.73595261 -42.98890569
171.72501391 -42.99281487
171.71407382 -42.99672299
171.70313235 -43.00063006
171.69218950 -43.00453608
171.68124525 -43.00844103
171.67029961 -43.01234494
171.65935258 -43.01624778
171.64840417 -43.02014958
171.63745437 -43.02405031
171.62650318 -43.02795000
171.61555060 -43.03184862
171.60459663 -43.03574620
171.59317359 -43.03825246
171.58174961 -43.04075758
171.57032470 -43.04326155
171.55889886 -43.04576438
171.54747210 -43.04826605
171.53604441 -43.05076658
171.52461579 -43.05326597
171.51318625 -43.05576420
171.50175578 -43.05826128
171.49066742 -43.06002065
171.47957843 -43.06177894
171.46848881 -43.06353615
171.45739856 -43.06529227
171.44630768 -43.06704731
171.43690919 -43.06930095
171.42751002 -43.07155380
171.41811015 -43.07380588
171.40870960 -43.07605718
171.39857750 -43.07829743
171.38844484 -43.08053683
171.37831144 -43.08277531
171.36817730 -43.08501290
171.35804241 -43.08724957
171.34826383 -43.08829941
171.33848491 -43.08934841
171.32870566 -43.09039657
171.31892608 -43.09144388
171.30785314 -43.09223294
171.29677991 -43.09302093
171.28570640 -43.09380783
171.27463261 -43.09459365
171.26355855 -43.09537839
171.25215928 -43.09615707
171.24075973 -43.09693461
171.22935990 -43.09771100
171.21795978 -43.09848625
171.20655939 -43.09926035
171.19493965 -43.09898529
171.18332006 -43.09870903
171.17170060 -43.09843158
171.16008124 -43.09815294
171.14846201 -43.09787312
171.13684290 -43.09759210
171.12522390 -43.09730990
171.11360502 -43.09702651
171.10198626 -43.09674193
171.09036768 -43.09645615
171.07874923 -43.09616917
171.06713091 -43.09588101
171.05551270 -43.09559166
171.04503949 -43.09273226
171.03456726 -43.08987190
171.02409600 -43.08701058
171.01362573 -43.08414830
166.22786615 -46.60613515
166.23181576 -46.59804713
166.23576416 -46.58995893
166.23971136 -46.58187055
166.24365737 -46.57378200
166.24760219 -46.56569329
166.25154582 -46.55760439
166.25548826 -46.54951533
166.25942950 -46.54142610
166.26336956 -46.53333670
166.26730842 -46.52524712
166.27124610 -46.51715738
166.27518259 -46.50906747
166.27911790 -46.50097738
166.28305201 -46.49288713
166.28612612 -46.48423590
166.28919923 -46.47558457
166.29227134 -46.46693311
166.29534245 -46.45828154
166.29841257 -46.44962985
166.30148168 -46.44097804
166.30454980 -46.43232612
166.30761692 -46.42367408
166.31068305 -46.41502192
166.31374819 -46.40636965
166.31681232 -46.39771726
166.31987546 -46.38906474
166.32293760 -46.38041211
166.32599875 -46.37175936
166.32958624 -46.36333420
166.33317261 -46.35490890
166.33675786 -46.34648345
166.34034198 -46.33805785
166.34392498 -46.32963211
166.34750686 -46.32120623
166.35108762 -46.31278020
166.35466726 -46.30435402
166.35824579 -46.29592770
166.36182320 -46.28750123
166.36539951 -46.27907461
166.37002684 -46.27094735
166.37465279 -46.26281987
166.37927737 -46.25469217
166.38390056 -46.24656425
166.38852237 -46.23843612
166.39314280 -46.23030776
166.39776186 -46.22217918
166.40237954 -46.21405039
166.40699584 -46.20592139
166.41161077 -46.19779216
166.41622434 -46.18966270
166.42083653 -46.18153303
166.42544735 -46.17340314
166.43005680 -46.16527303
166.43466488 -46.15714271
166.43927159 -46.14901217
166.44387693 -46.14088141
166.44848090 -46.13275044
166.45308350 -46.12461925
166.45775770 -46.11699596
166.46243061 -46.10937244
166.46710222 -46.10174871
166.47177255 -46.09412475
166.47644159 -46.08650056
166.48110935 -46.07887615
166.48577580 -46.07125153
166.49044096 -46.06362669
166.49510483 -46.05600164
166.49976740 -46.04837636
166.50442869 -46.04075088
166.50908868 -46.03312517
166.51220721 -46.02471526
166.51532477 -46.01630525
166.51844137 -46.00789511
166.52155701 -45.99948487
166.52618382 -45.99131062
166.53080927 -45.98313615
166.53543334 -45.97496146
166.54005603 -45.96678656
166.54467736 -45.95861145
166.54929731 -45.95043612
166.55391590 -45.94226058
166.55853312 -45.93408482
166.56314896 -45.92590885
166.56776344 -45.91773267
166.57237655 -45.90955628
166.57698830 -45.90137967
166.58159868 -45.89320284
166.58620769 -45.88502580
166.59081534 -45.87684855
166.59542162 -45.86867108
166.60002654 -45.86049341
166.60463011 -45.85231552
166.60923231 -45.84413742
166.61383315 -45.83595912
166.61843264 -45.82778060
166.62303076 -45.81960187
166.62762752 -45.81142294
166.63222293 -45.80324379
166.63681695 -45.79506444
166.63952747 -45.79003486
166.64223750 -45.78500521
166.64513202 -45.77856050
166.64802585 -45.77211570
166.65091902 -45.76567081
166.65546223 -45.75774715
166.66000415 -45.74982328
166.66570315 -45.74210489
166.67140057 -45.73438618
166.67709641 -45.72666718
166.68279068 -45.71894786
166.68848337 -45.71122824
166.69417448 -45.70350832
166.69986399 -45.69578808
166.70555180 -45.68806751
166.71123802 -45.68034663
166.71692267 -45.67262545
166.72460273 -45.66578969
166.73228090 -45.65895340
166.73938611 -45.65161618
166.74648945 -45.64427850
166.75359093 -45.63694035
166.76069054 -45.62960174
166.76778830 -45.62226266
166.77488420 -45.61492313
166.78197823 -45.60758313
166.78907041 -45.60024266
166.79616070 -45.59290172
166.80324913 -45.58556031
166.81033569 -45.57821845
166.81742041 -45.57087612
166.82628649 -45.56439406
166.83515053 -45.55791130
166.84401254 -45.55142782
166.85071287 -45.54652933
166.85741204 -45.54163043
166.86411005 -45.53673112
166.87080689 -45.53183141
166.87990728 -45.52627760
166.88900588 -45.52072305
166.89810269 -45.51516776
166.90719772 -45.50961174
166.91629097 -45.50405498
166.92538244 -45.49849749
166.93447213 -45.49293927
166.94356003 -45.48738030
166.95264615 -45.48182059
166.96104994 -45.47602948
166.96945202 -45.47023772
166.97785237 -45.46444533
166.98625100 -45.45865231
166.99464791 -45.45285865
167.00304310 -45.44706436
167.01143657 -45.44126943
167.01982831 -45.43547386
167.02883587 -45.43036607
167.03784181 -45.42525756
167.04684612 -45.42014832
167.05584881 -45.41503835
167.06484987 -45.40992766
167.07384931 -45.40481625
167.08284712 -45.39970411
167.09184330 -45.39459123
167.09582833 -45.38864617
167.09981252 -45.38270096
167.10776204 -45.37693711
167.11570995 -45.37117268
167.12365624 -45.36540768
167.13160091 -45.35964212
167.13954397 -45.35387598
167.14748541 -45.34810928
167.15542523 -45.34234201
167.16336344 -45.33657418
167.17125024 -45.33187906
167.17913574 -45.32718339
167.18701994 -45.32248716
167.19490283 -45.31779038
167.20093235 -45.31322679
167.20696089 -45.30866290
167.21298846 -45.30409867
167.22125037 -45.29725573
167.22951028 -45.29041218
167.23776819 -45.28356801
167.24602410 -45.27672323
167.25427802 -45.26987783
167.26252994 -45.26303181
167.27077987 -45.25618518
167.27902780 -45.24933793
167.28727374 -45.24249006
167.29551769 -45.23564158
167.30349973 -45.22907973
167.31147993 -45.22251731
167.31945829 -45.21595432
167.32743480 -45.20939075
167.33540946 -45.20282662
167.34338228 -45.19626190
167.35135322 -45.18969659
167.35877802 -45.18278027
167.36620101 -45.17586345
167.37362219 -45.16894613
167.38104156 -45.16202832
167.38845912 -45.15511001
167.39587488 -45.14819121
167.40328884 -45.14127191
167.41070100 -45.13435211
167.41777580 -45.12741561
167.42484887 -45.12047865
167.43192022 -45.11354125
167.43898985 -45.10660339
167.44605775 -45.09966507
167.45312392 -45.09272630
167.46018836 -45.08578708
167.46725108 -45.07884740
167.47593169 -45.07258137
167.48461040 -45.06631466
167.49328720 -45.06004728
167.50196209 -45.05377923
167.51063508 -45.04751053
167.51930618 -45.04124116
167.52797536 -45.03497111
167.53681015 -45.02870832
167.54564300 -45.02244484
167.55447391 -45.01618066
167.56330288 -45.00991577
167.57212992 -45.00365020
167.58095504 -44.99738392
167.58977823 -44.99111692
167.59859948 -44.98484922
167.60767637 -44.97942800
167.61675153 -44.97400604
167.62582498 -44.96858334
167.63489669 -44.96315991
167.64396669 -44.95773574
167.65303496 -44.95231084
167.66210151 -44.94688519
167.67116634 -44.94145882
167.68146225 -44.93663205
167.69175642 -44.93180434
167.70204886 -44.92697569
167.71233956 -44.92214609
167.72262853 -44.91731556
167.73291577 -44.91248407
167.74320128 -44.90765164
167.75348505 -44.90281827
167.76376710 -44.89798396
167.77393130 -44.89319645
167.78409380 -44.88840803
167.79425460 -44.88361869
167.80441367 -44.87882842
167.81457098 -44.87403723
167.82472661 -44.86924511
167.83488053 -44.86445208
167.84503277 -44.85965813
167.85501169 -44.85469656
167.86498889 -44.84973409
167.87496437 -44.84477074
167.88493813 -44.83980650
167.89491016 -44.83484138
167.90488047 -44.82987536
167.91484905 -44.82490847
167.92481590 -44.81994068
167.93478104 -44.81497202
167.94474445 -44.81000246
167.95470613 -44.80503203
167.96466610 -44.80006070
167.97462435 -44.79508850
167.98458089 -44.79011540
167.99453570 -44.78514143
168.00448879 -44.78016657
168.01444015 -44.77519083
168.02438979 -44.77021420
168.03328225 -44.76487312
168.04217307 -44.75953134
168.05106224 -44.75418885
168.05994975 -44.74884565
168.06883562 -44.74350174
168.07771983 -44.73815713
168.08660240 -44.73281182
168.09548331 -44.72746580
168.10436257 -44.72211907
168.11324015 -44.71677165
168.12102709 -44.71004162
168.12881220 -44.70331105
168.13659550 -44.69657994
168.14437701 -44.68984826
168.15215669 -44.68311605
168.16072229 -44.67655953
168.16928593 -44.67000236
168.17784761 -44.66344453
168.18640735 -44.65688604
168.19496514 -44.65032690
168.20352097 -44.64376710
168.21207486 -44.63720664
168.22062680 -44.63064552
168.22799120 -44.62406106
168.23535390 -44.61747611
168.24271493 -44.61089068
168.25007427 -44.60430475
168.25743193 -44.59771834
168.26478793 -44.59113144
168.27214224 -44.58454405
168.27949487 -44.57795618
168.28684583 -44.57136782
168.29374548 -44.56437631
168.30064345 -44.55738438
168.30753973 -44.55039203
168.31443434 -44.54339924
168.32132727 -44.53640603
168.32821853 -44.52941239
168.33510812 -44.52241833
168.34199604 -44.51542383
168.34929008 -44.50935963
168.35658260 -44.50329496
168.36387359 -44.49722980
168.37116308 -44.49116415
168.37845104 -44.48509802
168.38573747 -44.47903141
168.39302238 -44.47296433
168.40030575 -44.46689677
168.40758757 -44.46082874
168.41547197 -44.45487520
168.42335475 -44.44892111
168.43123590 -44.44296647
168.43911544 -44.43701126
168.44699335 -44.43105549
168.45486965 -44.42509917
168.46274432 -44.41914229
168.47088562 -44.41278663
168.47902513 -44.40643037
168.48716285 -44.40007351
168.49529883 -44.39371605
168.50343305 -44.38735800
168.51156548 -44.38099935
168.51969612 -44.37464010
168.52782499 -44.36828026
168.53480111 -44.36175580
168.54177565 -44.35523089
168.54874863 -44.34870555
168.55572003 -44.34217977
168.56268987 -44.33565355
168.56965814 -44.32912689
168.57662485 -44.32259979
168.58358998 -44.31607226
168.59022242 -44.30953155
168.59685336 -44.30299045
168.60348279 -44.29644895
168.61011072 -44.28990706
168.61673715 -44.28336477
168.62336208 -44.27682208
168.62998551 -44.27027900
168.63660746 -44.26373552
168.64058159 -44.25612016
168.64455466 -44.24850465
168.64852669 -44.24088900
168.65249767 -44.23327321
168.65646759 -44.22565728
168.66043647 -44.21804120
168.66440430 -44.21042498
168.66605148 -44.20301606
168.66769823 -44.19560714
168.66934452 -44.18819825
168.67099039 -44.18078934
168.67263582 -44.17338040
168.67428083 -44.16597144
168.67110425 -44.15806226
168.66792852 -44.15015299
168.66475364 -44.14224364
168.66157960 -44.13433422
168.65840641 -44.12642471
168.65523407 -44.11851513
168.65115348 -44.11096830
168.64707393 -44.10342133
168.64299539 -44.09587424
168.63891786 -44.08832703
168.62747401 -44.08799578
168.61603030 -44.08766337
168.60458673 -44.08732980
168.59314318 -44.08699508
168.58169967 -44.08665922
168.57025632 -44.08632220
168.55881311 -44.08598401
168.54737006 -44.08564466
168.53592715 -44.08530414
168.52476483 -44.08709307
168.51360184 -44.08888088
168.50243818 -44.09066758
168.49165105 -44.09329472
168.48086295 -44.09592082
168.47007390 -44.09854588
168.45928388 -44.10116990
168.44849290 -44.10379288
168.43718768 -44.10620354
168.42588155 -44.10861306
168.41457450 -44.11102143
168.40326653 -44.11342866
168.39195762 -44.11583476
168.38056375 -44.11883251
168.36916872 -44.12182909
168.35777254 -44.12482451
168.34637520 -44.12781878
168.33497671 -44.13081187
168.32357706 -44.13380381
168.31217626 -44.13679458
168.30023763 -44.13907768
168.28829807 -44.14135952
168.27635760 -44.14364008
168.26441620 -44.14591937
168.25247389 -44.14819738
168.24268620 -44.15260967
168.23289704 -44.15702110
168.22310640 -44.16143167
168.21218440 -44.16520759
168.20126100 -44.16898243
168.19033620 -44.17275620
168.17941001 -44.17652890
168.16848240 -44.18030052
168.15755340 -44.18407107
168.14662298 -44.18784056
168.13569117 -44.19160897
168.12475795 -44.19537631
168.11382333 -44.19914258
168.10288729 -44.20290778
168.09194986 -44.20667189
168.08101102 -44.21043493
168.07007078 -44.21419689
168.05912913 -44.21795778
168.04818608 -44.22171759
168.03724163 -44.22547633
168.02629577 -44.22923399
168.01534851 -44.23299058
168.00439985 -44.23674609
167.99344978 -44.24050052
167.98249831 -44.24425388
167.97154544 -44.24800616
167.96059117 -44.25175736
167.94926306 -44.25505890
167.93793368 -44.25835928
167.92660303 -44.26165852
167.91527110 -44.26495660
167.90393790 -44.26825354
167.89260342 -44.27154932
167.88126766 -44.27484395
167.86993063 -44.27813742
167.85859232 -44.28142975
167.84725274 -44.28472092
167.83591188 -44.28801094
167.82456976 -44.29129980
167.81322636 -44.29458752
167.80188169 -44.29787407
167.79053574 -44.30115948
167.77918851 -44.30444372
167.76762197 -44.30749316
167.75605422 -44.31054141
167.74448528 -44.31358845
167.73291513 -44.31663429
167.72134377 -44.31967893
167.70977122 -44.32272238
167.69819746 -44.32576462
167.68662251 -44.32880566
167.67504635 -44.33184551
167.66346899 -44.33488415
167.65189043 -44.33792159
167.64031067 -44.34095783
167.62872971 -44.34399286
167.61714755 -44.34702670
167.60556419 -44.35005933
167.59460133 -44.35401495
167.58363696 -44.35796950
167.57267111 -44.36192297
167.56170377 -44.36587536
167.55073494 -44.36982667
167.53976462 -44.37377690
167.52879282 -44.37772605
167.51781953 -44.38167412
167.50684474 -44.38562111
167.49586847 -44.38956702
167.48489072 -44.39351185
167.47391148 -44.39745559
167.46389246 -44.40134791
167.45387209 -44.40523933
167.44385038 -44.40912985
167.43382733 -44.41301946
167.42380293 -44.41690818
167.41377720 -44.42079599
167.40375012 -44.42468290
167.39372169 -44.42856891
167.38369192 -44.43245403
167.37366080 -44.43633824
167.36398863 -44.44151311
167.35431473 -44.44668714
167.34463910 -44.45186032
167.33496174 -44.45703266
167.32528265 -44.46220416
167.31560183 -44.46737482
167.30591928 -44.47254463
167.29623499 -44.47771360
167.28654898 -44.48288174
167.27686124 -44.48804904
167.26717177 -44.49321550
167.25748058 -44.49838110
167.24855870 -44.50366071
167.23963518 -44.50893959
167.23071003 -44.51421777
167.22178324 -44.51949522
167.21285483 -44.52477196
167.20392478 -44.53004798
167.19499309 -44.53532329
167.18605976 -44.54059788
167.17712480 -44.54587176
167.16818821 -44.55114491
167.15838780 -44.55569136
167.14858586 -44.56023695
167.13878239 -44.56478168
167.12897737 -44.56932554
167.11917082 -44.57386854
167.10936274 -44.57841067
167.09955312 -44.58295194
167.08997489 -44.58739074
167.08039519 -44.59182872
167.07081402 -44.59626587
167.06123138 -44.60070220
167.05164725 -44.60513770
167.04206165 -44.60957237
167.03207989 -44.61350822
167.02209678 -44.61744317
167.01211231 -44.62137723
167.00212649 -44.62531040
166.99213929 -44.62924267
166.98215072 -44.63317405
166.97145697 -44.63600648
166.96076218 -44.63883788
166.95006635 -44.64166826
166.93936948 -44.64449762
166.92867158 -44.64732596
166.91797264 -44.65015328
166.90727266 -44.65297957
166.89657163 -44.65580484
166.88586954 -44.65862909
166.87463960 -44.66265662
166.86340811 -44.66668301
166.85217505 -44.67070828
166.84094042 -44.67473242
166.82970424 -44.67875542
166.81846649 -44.68277730
166.80722718 -44.68679805
166.79598630 -44.69081767
166.78474383 -44.69483618
166.77349981 -44.69885355
166.76225423 -44.70286979
166.75100708 -44.70688489
166.73975838 -44.71089887
166.72946551 -44.71527026
166.71917108 -44.71964071
166.70887509 -44.72401021
166.69857754 -44.72837876
166.68827842 -44.73274636
166.67797773 -44.73711301
166.66883091 -44.74180790
166.65968260 -44.74650205
166.65053279 -44.75119544
166.64138149 -44.75588809
166.63222869 -44.76057998
166.62307440 -44.76527112
166.61391862 -44.76996151
166.60476134 -44.77465114
166.59560256 -44.77934003
166.58745578 -44.78429718
166.57930760 -44.78925373
166.57115801 -44.79420969
166.56300702 -44.79916504
166.55485464 -44.80411978
166.54670085 -44.80907393
166.53862708 -44.81530573
166.53055155 -44.82153695
166.52247426 -44.82776758
166.51439521 -44.83399762
166.50631440 -44.84022707
166.49823182 -44.84645593
166.49014748 -44.85268421
166.48206137 -44.85891191
166.47502126 -44.86627335
166.46797933 -44.87363435
166.46093557 -44.88099490
166.45389000 -44.88835499
166.44684260 -44.89571464
166.43979339 -44.90307383
166.43274235 -44.91043257
166.42568948 -44.91779085
166.41856964 -44.92483446
166.41144804 -44.93187760
166.40432468 -44.93892029
166.39719956 -44.94596252
166.39007268 -44.95300428
166.38294404 -44.96004558
166.37581364 -44.96708643
166.36868147 -44.97412681
166.36154754 -44.98116673
166.35441184 -44.98820618
166.34904868 -44.99386704
166.34368446 -44.99952764
166.33831918 -45.00518796
166.33295283 -45.01084802
166.32688449 -45.01841208
166.32081452 -45.02597581
166.31474294 -45.03353920
166.30866974 -45.04110225
166.30259493 -45.04866496
166.29651847 -45.05622734
166.29044039 -45.06378939
166.28287740 -45.07085496
166.27531253 -45.07792002
166.26774577 -45.08498455
166.26017713 -45.09204856
166.25260661 -45.09911205
166.24503419 -45.10617500
166.23745988 -45.11323743
166.23013884 -45.11976835
166.22281612 -45.12629878
166.21549172 -45.13282873
166.20816564 -45.13935818
166.20083789 -45.14588715
166.19350843 -45.15241564
166.18617728 -45.15894364
166.17731150 -45.16538030
166.16844371 -45.17181625
166.15957392 -45.17825149
166.15070211 -45.18468602
166.14182830 -45.19111984
166.13295248 -45.19755295
166.12407464 -45.20398534
166.11411869 -45.20891927
166.10416103 -45.21385231
166.09420165 -45.21878447
166.08424056 -45.22371573
166.07427775 -45.22864611
166.06431321 -45.23357560
166.05434696 -45.23850420
166.04437899 -45.24343192
166.03440930 -45.24835874
166.02443788 -45.25328468
166.01446475 -45.25820973
166.00448990 -45.26313389
