170.68630375 -42.67591221
170.69488270 -42.66953527
170.70345986 -42.66315768
170.71203523 -42.65677943
170.72060882 -42.65040052
170.72918063 -42.64402093
170.73775067 -42.63764068
170.74631892 -42.63125976
170.75488540 -42.62487817
170.76345011 -42.61849591
170.77201304 -42.61211298
170.78057419 -42.60572939
170.78913357 -42.59934513
170.79780426 -42.59355797
170.80647332 -42.58777012
170.81514076 -42.58198159
170.82380657 -42.57619238
170.83247076 -42.57040249
170.84113332 -42.56461191
170.84979426 -42.55882065
170.85845358 -42.55302871
170.86698394 -42.54703516
170.87551265 -42.54104095
170.88403970 -42.53504608
170.89256510 -42.52905055
170.90108884 -42.52305435
170.90961092 -42.51705749
170.91813134 -42.51105996
170.92665012 -42.50506178
170.93516724 -42.49906293
170.94368273 -42.49306343
170.95219656 -42.48706327
170.96070875 -42.48106244
170.96940590 -42.47527319
170.97810143 -42.46948325
170.98679534 -42.46369262
170.99548762 -42.45790131
171.00417828 -42.45210931
171.01286732 -42.44631662
171.02155474 -42.44052325
171.03024053 -42.43472919
171.03892471 -42.42893445
171.04760727 -42.42313902
171.05628821 -42.41734290
171.06496753 -42.41154611
171.07364523 -42.40574863
171.08232132 -42.39995046
171.09099580 -42.39415161
171.09966867 -42.38835207
171.10833993 -42.38255184
171.11700958 -42.37675094
171.12567761 -42.37094935
171.13434403 -42.36514707
171.14300884 -42.35934412
171.15167203 -42.35354049
171.16033361 -42.34773617
171.16904267 -42.34279510
171.17775035 -42.33785335
171.18645666 -42.33291091
171.19516159 -42.32796779
171.20386515 -42.32302398
171.21256735 -42.31807950
171.22126817 -42.31313434
171.22996761 -42.30818850
171.23866568 -42.30324197
171.24714685 -42.29822750
171.25562665 -42.29321241
171.26410510 -42.28819667
171.27258219 -42.28318027
171.28105792 -42.27816323
171.28953230 -42.27314554
171.29800531 -42.26812720
171.30647698 -42.26310821
171.31604277 -42.25851409
171.32560716 -42.25391915
171.33517017 -42.24932339
171.34473177 -42.24472681
171.35429198 -42.24012940
171.36385079 -42.23553117
171.37340821 -42.23093212
171.38284315 -42.22554848
171.39227647 -42.22016403
171.40170818 -42.21477878
171.41113826 -42.20939275
171.42056673 -42.20400592
171.42999358 -42.19861828
171.43941881 -42.19322984
171.44884244 -42.18784061
171.45826445 -42.18245057
171.46719586 -42.17741043
171.47612585 -42.17236958
171.48505440 -42.16732800
171.49398153 -42.16228571
171.50290723 -42.15724270
171.51183151 -42.15219897
171.52075435 -42.14715453
171.52967577 -42.14210937
171.53859576 -42.13706349
171.54802458 -42.13301601
171.55745220 -42.12896773
171.56687861 -42.12491866
171.57630382 -42.12086879
171.58572783 -42.11681813
171.59515063 -42.11276666
171.60457223 -42.10871441
171.61399262 -42.10466136
171.62341180 -42.10060752
171.63389567 -42.09656576
171.64437818 -42.09252303
171.65485936 -42.08847932
171.66533920 -42.08443463
171.67581771 -42.08038895
171.68629488 -42.07634230
171.69496886 -42.07108281
171.70364138 -42.06582266
171.71231244 -42.06056184
171.72098205 -42.05530035
171.72965021 -42.05003818
171.73831693 -42.04477534
171.74698220 -42.03951182
171.75744215 -42.03575622
171.76790086 -42.03199965
171.77835835 -42.02824210
171.78881459 -42.02448358
171.79926961 -42.02072408
171.80972339 -42.01696361
171.82056538 -42.01372732
171.83140628 -42.01048999
171.84224608 -42.00725162
171.85308478 -42.00401220
171.86392238 -42.00077173
171.87475889 -41.99753022
171.88559432 -41.99428767
171.89642865 -41.99104407
171.90671582 -41.98954024
171.91700255 -41.98803546
171.92728880 -41.98652974
171.93757458 -41.98502309
171.94785989 -41.98351551
171.95814473 -41.98200699
171.96842909 -41.98049753
171.97887948 -41.97732548
171.98932884 -41.97415246
171.99977716 -41.97097847
172.01022448 -41.96780350
172.02067076 -41.96462756
172.03111602 -41.96145065
172.04156024 -41.95827278
172.05214268 -41.95507012
172.06272407 -41.95186647
172.07330441 -41.94866183
172.08388370 -41.94545620
172.09446193 -41.94224957
172.10503911 -41.93904194
172.11561521 -41.93583333
172.12619027 -41.93262371
172.13676427 -41.92941311
172.14756200 -41.92711300
172.15835897 -41.92481185
172.16915517 -41.92250968
172.17995060 -41.92020648
172.19074526 -41.91790224
172.20153916 -41.91559697
172.21233225 -41.91329068
172.22312458 -41.91098335
172.23391614 -41.90867499
172.24470693 -41.90636561
172.25470245 -41.90382662
172.26469719 -41.90128674
172.27469115 -41.89874598
172.28468433 -41.89620433
172.29467673 -41.89366180
172.30466834 -41.89111839
172.31465916 -41.88857409
172.32464920 -41.88602891
172.33496140 -41.88225229
172.34527239 -41.87847473
172.35558217 -41.87469622
172.36589074 -41.87091677
172.37619810 -41.86713638
172.38650424 -41.86335504
172.39680918 -41.85957276
172.40711286 -41.85578952
172.41741532 -41.85200532
172.42701062 -41.84799401
172.43660473 -41.84398189
172.44619764 -41.83996894
172.45578935 -41.83595517
172.46537986 -41.83194059
172.47496918 -41.82792519
172.48455731 -41.82390898
172.49414423 -41.81989195
172.50372996 -41.81587410
172.51331450 -41.81185544
172.52289784 -41.80783597
172.53159261 -41.80273590
172.54028600 -41.79763517
172.54897798 -41.79253377
172.55766857 -41.78743171
172.56635779 -41.78232897
172.57504562 -41.77722556
172.58373207 -41.77212148
172.59241715 -41.76701672
172.60318080 -41.76318427
172.61394316 -41.75935082
172.62470425 -41.75551634
172.63546406 -41.75168083
172.64622260 -41.74784431
172.65697986 -41.74400676
172.66654014 -41.74071764
172.67609945 -41.73742772
172.68565779 -41.73413699
172.69521515 -41.73084545
172.70477154 -41.72755311
172.71432695 -41.72425998
172.72388139 -41.72096603
172.73399111 -41.71765012
172.74409980 -41.71433331
172.75420746 -41.71101560
172.76431408 -41.70769699
172.77441963 -41.70437747
172.78452413 -41.70105705
172.79462760 -41.69773573
172.80473001 -41.69441353
172.81576624 -41.69443273
172.82680249 -41.69445087
172.83783876 -41.69446795
172.84887504 -41.69448396
172.85991134 -41.69449891
172.87094766 -41.69451280
172.88198399 -41.69452562
172.89302034 -41.69453739
172.90405669 -41.69454809
172.91483512 -41.69838627
172.92561482 -41.70222344
172.93639581 -41.70605961
172.94717809 -41.70989476
172.95796166 -41.71372891
172.96874651 -41.71756205
172.97953251 -41.72139413
172.98964875 -41.72464494
172.99976600 -41.72789487
173.00988429 -41.73114390
173.02000357 -41.73439203
173.03012386 -41.73763928
173.04024517 -41.74088563
173.05036749 -41.74413109
173.06049095 -41.74737568
173.07061545 -41.75061940
173.08074099 -41.75386223
173.09086753 -41.75710417
173.10059433 -41.76106744
173.11032239 -41.76502991
173.12005163 -41.76899155
173.12978206 -41.77295237
173.13951369 -41.77691236
173.14924651 -41.78087153
173.15898052 -41.78482988
173.16871573 -41.78878740
173.17845213 -41.79274410
173.19039073 -41.79315142
173.20232949 -41.79355751
173.21426843 -41.79396236
173.22620752 -41.79436597
173.23814676 -41.79476834
173.25008616 -41.79516949
173.26202571 -41.79556939
173.27396369 -41.79554264
173.28590167 -41.79551466
173.29783964 -41.79548544
173.30977760 -41.79545499
173.32171556 -41.79542331
173.33365351 -41.79539039
173.34559145 -41.79535625
173.35707314 -41.79267519
173.36855389 -41.78999299
173.38003370 -41.78730966
173.39151256 -41.78462518
173.40299048 -41.78193957
173.41446745 -41.77925281
173.42594347 -41.77656491
173.43741855 -41.77387588
173.44889269 -41.77118571
173.46031607 -41.76928046
173.47173878 -41.76737408
173.48316083 -41.76546659
173.49458222 -41.76355797
173.50600295 -41.76164823
173.51742302 -41.75973738
173.52884244 -41.75782541
173.54026120 -41.75591232
173.55023055 -41.75274917
173.56019893 -41.74958517
173.57016633 -41.74642032
173.58013275 -41.74325463
173.59009822 -41.74008807
173.60006272 -41.73692065
173.60966521 -41.73360398
173.61926671 -41.73028651
173.62886723 -41.72696825
173.63846676 -41.72364920
173.64806531 -41.72032935
173.65766287 -41.71700870
173.66725945 -41.71368726
173.67835435 -41.71040743
173.68944811 -41.70712653
173.70054075 -41.70384458
173.71163224 -41.70056155
173.72272261 -41.69727744
173.73381183 -41.69399226
173.74489991 -41.69070600
173.75598687 -41.68741867
173.76666529 -41.68496683
173.77734290 -41.68251399
173.78801969 -41.68006017
173.79869567 -41.67760535
173.80937084 -41.67514952
173.82004519 -41.67269270
173.83071873 -41.67023489
173.84139146 -41.66777608
173.85013041 -41.66294772
173.85886806 -41.65811868
173.86760440 -41.65328897
173.87633945 -41.64845858
173.88507319 -41.64362753
173.89463787 -41.63960633
173.90420135 -41.63558433
173.91376365 -41.63156151
173.92332477 -41.62753789
173.93288469 -41.62351347
173.94244342 -41.61948823
173.95200094 -41.61546219
173.95990890 -41.61035970
173.96781561 -41.60525667
173.97572108 -41.60015308
173.98362527 -41.59504895
173.99152821 -41.58994427
173.99942990 -41.58483904
174.00733031 -41.57973324
174.01509222 -41.57352078
174.02285264 -41.56730778
174.03061156 -41.56109421
174.03836899 -41.55488010
174.04612491 -41.54866550
174.05387932 -41.54245040
174.06163225 -41.53623478
174.06938373 -41.53001865
174.07713372 -41.52380198
174.08293162 -41.52079424
174.08694175 -41.51820820
174.09364205 -41.51096345
174.10034087 -41.50371829
174.10703818 -41.49647273
174.11373399 -41.48922677
174.12042831 -41.48198041
174.12712115 -41.47473366
174.13381251 -41.46748652
174.14050239 -41.46023898
174.14719079 -41.45299105
174.15387770 -41.44574274
174.16056314 -41.43849402
174.16724711 -41.43124493
174.17392959 -41.42399544
174.18061060 -41.41674555
174.18729014 -41.40949527
174.19396820 -41.40224461
174.20064479 -41.39499358
174.20806324 -41.38816877
174.21548015 -41.38134348
174.22289552 -41.37451773
174.23030936 -41.36769148
174.23772167 -41.36086474
174.24513244 -41.35403751
174.25254169 -41.34720978
174.25994940 -41.34038158
174.26735557 -41.33355291
174.27476020 -41.32672377
174.28216330 -41.31989416
174.28956486 -41.31306407
174.29696489 -41.30623352
174.30436338 -41.29940250
174.31176032 -41.29257102
174.31915573 -41.28573908
174.32654959 -41.27890671
174.33394189 -41.27207393
174.34133266 -41.26524067
174.34872190 -41.25840693
174.35610961 -41.25157272
174.36349580 -41.24473803
174.37201568 -41.23869842
174.38053400 -41.23265819
174.38905077 -41.22661733
174.39756598 -41.22057585
174.40607964 -41.21453373
174.41459174 -41.20849098
174.42310229 -41.20244761
174.43161129 -41.19640360
174.44011873 -41.19035897
174.44862463 -41.18431371
174.45712897 -41.17826782
174.46563175 -41.17222131
174.47413299 -41.16617418
174.48226429 -41.16061106
174.49039423 -41.15504738
174.49852281 -41.14948313
174.50665004 -41.14391828
174.51477590 -41.13835285
174.52290040 -41.13278686
174.53102354 -41.12722029
174.53914531 -41.12165315
174.54726572 -41.11608544
174.55538476 -41.11051716
174.56350244 -41.10494831
174.57154778 -41.09880214
174.57959162 -41.09265543
174.58763398 -41.08650815
174.59567485 -41.08036031
174.60371424 -41.07421190
174.61175216 -41.06806291
174.61978858 -41.06191336
174.62782352 -41.05576325
174.63585698 -41.04961258
174.64388895 -41.04346135
174.65191943 -41.03730957
174.65994844 -41.03115722
174.66799354 -41.02570311
174.67603733 -41.02024844
174.68407980 -41.01479321
174.69212096 -41.00933743
174.70016080 -41.00388108
174.70819931 -40.99842418
174.71623648 -40.99296675
174.72427234 -40.98750876
174.73230689 -40.98205021
174.74034012 -40.97659111
174.74817230 -40.97005987
174.75600295 -40.96352810
174.76383207 -40.95699580
174.77165966 -40.95046296
174.77948572 -40.94392959
174.78731025 -40.93739569
174.79513326 -40.93086126
174.80295472 -40.92432630
174.81077464 -40.91779082
174.81859304 -40.91125481
174.82640991 -40.90471827
174.83301321 -40.89813113
174.83961520 -40.89154362
174.84621590 -40.88495573
174.85281530 -40.87836746
174.85941341 -40.87177881
174.86601023 -40.86518978
174.87260575 -40.85860037
174.87919998 -40.85201058
174.88579292 -40.84542041
174.89238457 -40.83882986
174.89899046 -40.83269322
174.90559514 -40.82655620
174.91219862 -40.82041880
174.91880089 -40.81428102
174.92540196 -40.80814286
174.93200183 -40.80200433
174.93860047 -40.79586542
174.94519788 -40.78972616
174.95199551 -40.78321026
174.95879183 -40.77669397
174.96558683 -40.77017727
174.97238052 -40.76366016
174.97917290 -40.75714266
174.98596396 -40.75062475
174.99275371 -40.74410644
174.99926521 -40.73756754
175.00577542 -40.73102827
175.01228437 -40.72448863
175.01879206 -40.71794862
175.02529850 -40.71140823
175.03180368 -40.70486747
175.03830760 -40.69832634
175.04481027 -40.69178484
175.05131169 -40.68524297
175.06027912 -40.67969684
175.06924508 -40.67415002
175.07820957 -40.66860250
175.08717258 -40.66305429
175.09613412 -40.65750539
175.10509419 -40.65195579
175.11405279 -40.64640551
175.12300991 -40.64085453
175.13196557 -40.63530286
175.14091975 -40.62975050
175.14987247 -40.62419745
175.15882373 -40.61864371
175.16777351 -40.61308929
175.17672183 -40.60753417
175.18362599 -40.60042730
175.19052872 -40.59332002
175.19742999 -40.58621232
175.20432980 -40.57910421
175.21122815 -40.57199568
175.21812507 -40.56488673
175.22502054 -40.55777737
175.23191457 -40.55066760
175.23880717 -40.54355741
175.24569832 -40.53644681
175.25258804 -40.52933579
175.25947631 -40.52222436
175.26636315 -40.51511252
175.27324856 -40.50800026
175.28013253 -40.50088760
175.28701500 -40.49377453
175.29389600 -40.48666105
175.30077557 -40.47954717
175.30765368 -40.47243289
175.31453036 -40.46531819
175.32140561 -40.45820309
175.32827943 -40.45108757
175.33515181 -40.44397164
175.34202277 -40.43685530
175.34889229 -40.42973854
175.35576039 -40.42262138
175.36262706 -40.41550380
175.36949229 -40.40838581
175.37635611 -40.40126742
175.38321846 -40.39414862
175.39007936 -40.38702942
175.39693884 -40.37990981
175.40379688 -40.37278979
175.41065350 -40.36566936
175.41750869 -40.35854853
175.42436245 -40.35142728
175.42991088 -40.34399962
175.43545811 -40.33657169
175.44100415 -40.32914349
175.44654898 -40.32171501
175.45209262 -40.31428626
175.45763507 -40.30685723
175.46317632 -40.29942793
175.46871637 -40.29199836
175.47425524 -40.28456851
175.47979291 -40.27713839
175.48532939 -40.26970800
175.49086467 -40.26227734
175.49639876 -40.25484641
175.50193165 -40.24741520
175.50746334 -40.23998374
175.51161666 -40.23194785
175.51576901 -40.22391181
175.51992040 -40.21587560
175.52407083 -40.20783923
175.52822029 -40.19980271
175.53236878 -40.19176603
175.53651631 -40.18372919
175.54066287 -40.17569219
175.54480847 -40.16765503
175.54895312 -40.15961771
175.55309680 -40.15158023
175.55723953 -40.14354259
175.56138129 -40.13550480
175.56552210 -40.12746685
175.57199474 -40.12049986
175.57846609 -40.11353251
175.58493612 -40.10656480
175.59140485 -40.09959673
175.59787225 -40.09262831
175.60433835 -40.08565954
175.61080315 -40.07869040
175.61726664 -40.07172090
175.62372883 -40.06475104
175.63018973 -40.05778081
175.63664932 -40.05081021
175.64310762 -40.04383926
175.64956461 -40.03686793
175.65638421 -40.03041604
175.66320253 -40.02396374
175.67001959 -40.01751103
175.67683538 -40.01105793
175.68364990 -40.00460442
175.69046315 -39.99815051
175.69727514 -39.99169620
175.70408584 -39.98524148
175.71089526 -39.97878637
175.71770341 -39.97233086
175.72300431 -39.96540995
175.72830415 -39.95848880
175.73360294 -39.95156740
175.73890068 -39.94464576
175.74419737 -39.93772386
175.74949300 -39.93080172
175.75478759 -39.92387934
175.76008112 -39.91695670
175.76583758 -39.91002264
175.77159290 -39.90308829
175.77734706 -39.89615365
175.78310007 -39.88921872
175.78885193 -39.88228350
175.79460265 -39.87534799
175.80035222 -39.86841220
175.80610065 -39.86147612
175.81190041 -39.85431194
175.81769899 -39.84714746
175.82349637 -39.83998269
175.82929257 -39.83281763
175.83508758 -39.82565227
175.84088141 -39.81848662
175.84667404 -39.81132068
175.85246549 -39.80415444
175.85882901 -39.79665172
175.86519116 -39.78914864
175.87155194 -39.78164522
175.87791137 -39.77414144
175.88426943 -39.76663731
175.89062614 -39.75913283
175.89698148 -39.75162800
175.90333546 -39.74412282
175.90968808 -39.73661729
175.91603934 -39.72911141
175.92225303 -39.72275326
175.92846560 -39.71639478
175.93467704 -39.71003597
175.94088736 -39.70367682
175.94709655 -39.69731735
175.95330460 -39.69095756
175.95951153 -39.68459743
175.96571734 -39.67823698
175.97189618 -39.67128069
175.97807379 -39.66432407
175.98425019 -39.65736712
175.99042536 -39.65040984
175.99659932 -39.64345223
176.00277206 -39.63649430
176.00894358 -39.62953603
176.01511388 -39.62257743
176.02136820 -39.61655313
176.02762144 -39.61052849
176.03387362 -39.60450351
176.04012473 -39.59847820
176.04637477 -39.59245255
176.05262374 -39.58642657
176.05887165 -39.58040025
176.06614337 -39.57366482
176.07341371 -39.56692893
176.08068265 -39.56019259
176.08795021 -39.55345579
176.09521637 -39.54671855
176.10248114 -39.53998084
176.10974453 -39.53324268
176.11595815 -39.52666885
176.12217062 -39.52009469
176.12838193 -39.51352019
176.13459208 -39.50694537
176.14080108 -39.50037021
176.14700892 -39.49379472
176.15321560 -39.48721891
176.16030558 -39.48075465
176.16739426 -39.47428996
176.17448164 -39.46782485
176.18156772 -39.46135930
176.18865250 -39.45489333
176.19573598 -39.44842693
176.20281816 -39.44196009
176.21013019 -39.43517290
176.21744081 -39.42838526
176.22475002 -39.42159715
176.23205784 -39.41480859
176.23936424 -39.40801957
176.24666925 -39.40123010
176.25397284 -39.39444016
176.26127504 -39.38764977
176.26857583 -39.38085892
176.27587522 -39.37406762
176.28240788 -39.36783842
176.28893940 -39.36160885
176.29546976 -39.35537891
176.30199897 -39.34914862
176.30852703 -39.34291795
176.31505394 -39.33668693
176.32157970 -39.33045554
176.32810431 -39.32422379
176.33462778 -39.31799167
176.34135211 -39.31099799
176.34807512 -39.30400393
176.35479680 -39.29700948
176.36151717 -39.29001464
176.36823621 -39.28301941
176.37495393 -39.27602380
176.38167033 -39.26902780
176.38838540 -39.26203142
176.39467468 -39.25576281
176.40096284 -39.24949386
176.40724988 -39.24322457
176.41353582 -39.23695494
176.41982065 -39.23068498
176.42610437 -39.22441468
176.43238698 -39.21814404
176.43866848 -39.21187307
176.44511971 -39.20595441
176.45156986 -39.20003540
176.45801894 -39.19411602
176.46446695 -39.18819628
176.47091389 -39.18227619
176.47735975 -39.17635573
176.48436064 -39.16930483
176.49136015 -39.16225352
176.49835827 -39.15520178
176.50535501 -39.14814962
176.51235037 -39.14109704
176.51934433 -39.13404404
176.52473029 -39.12751720
176.53011526 -39.12099011
176.53549925 -39.11446277
176.54088226 -39.10793518
176.54626428 -39.10140734
176.55164532 -39.09487925
176.55802170 -39.08788258
176.56439684 -39.08088557
176.57077073 -39.07388821
176.57714337 -39.06689050
176.58351476 -39.05989244
176.58988491 -39.05289403
176.59625380 -39.04589528
176.60262146 -39.03889617
176.60840803 -39.03251139
176.61419357 -39.02612632
176.61997808 -39.01974096
176.62576156 -39.01335532
176.63154401 -39.00696939
176.63732543 -39.00058318
176.64367466 -38.99338341
176.65002262 -38.98618332
176.65636931 -38.97898289
176.66271472 -38.97178211
176.66905887 -38.96458099
176.67540173 -38.95737952
176.68263421 -38.95084881
176.68986536 -38.94431766
176.69709520 -38.93778606
176.70432372 -38.93125403
176.71155092 -38.92472155
176.71784188 -38.91898244
176.72413184 -38.91324300
176.73042079 -38.90750322
176.73670873 -38.90176311
176.74299567 -38.89602267
176.75057379 -38.88933295
176.75815049 -38.88264275
176.76572578 -38.87595207
176.77329966 -38.86926089
176.78161021 -38.86493057
176.78991974 -38.86059965
176.79822827 -38.85626816
176.80653580 -38.85193608
176.81459090 -38.84746866
176.82264499 -38.84300069
176.83069808 -38.83853217
176.83875015 -38.83406311
176.84680122 -38.82959350
176.85514732 -38.82606768
176.86349259 -38.82254128
176.87183703 -38.81901429
176.88018065 -38.81548671
176.88852344 -38.81195855
176.89905687 -38.80945258
176.90958955 -38.80694568
176.92012149 -38.80443784
176.93065267 -38.80192906
176.94056685 -38.80111070
176.95048080 -38.80029151
176.96039450 -38.79947148
176.97030796 -38.79865062
176.98022118 -38.79782893
176.99013416 -38.79700640
177.00081788 -38.79663327
177.01150145 -38.79625917
177.02218489 -38.79588411
177.03286820 -38.79550807
177.04355138 -38.79513107
177.05423443 -38.79475309
177.06491735 -38.79437414
177.07560014 -38.79399422
177.08628280 -38.79361333
177.09710168 -38.79390831
177.10792061 -38.79420228
177.11873961 -38.79449526
177.12955867 -38.79478725
177.14037781 -38.79507823
177.15119701 -38.79536822
177.16201628 -38.79565721
177.17197277 -38.79491313
177.18192903 -38.79416822
177.19188506 -38.79342246
177.20184088 -38.79267586
177.21179646 -38.79192840
177.22208249 -38.79059525
177.23236812 -38.78926120
177.24265336 -38.78792625
177.25293819 -38.78659041
177.26327583 -38.78471890
177.27361291 -38.78284648
177.28394944 -38.78097315
177.29428542 -38.77909893
177.30462083 -38.77722380
177.31387808 -38.77425735
177.32313455 -38.77129018
177.33239025 -38.76832229
177.34164518 -38.76535368
177.35089933 -38.76238434
177.36015270 -38.75941429
177.37124409 -38.75705289
177.38233473 -38.75469046
177.39342463 -38.75232698
177.40451377 -38.74996248
177.41560215 -38.74759693
177.42668977 -38.74523036
177.43777666 -38.74286274
177.44886279 -38.74049409
177.45840962 -38.73788596
177.46795574 -38.73527706
177.47750117 -38.73266739
177.48704588 -38.73005696
177.49658990 -38.72744576
177.50613318 -38.72483381
177.51567575 -38.72222111
177.52521761 -38.71960764
177.53485248 -38.71718146
177.54448669 -38.71475450
177.55412024 -38.71232676
177.56375313 -38.70989823
177.57338536 -38.70746892
177.58301693 -38.70503883
177.59264783 -38.70260796
177.60238392 -38.69846743
177.61211888 -38.69432611
177.62185272 -38.69018400
177.63158544 -38.68604108
177.64131703 -38.68189738
177.65104750 -38.67775288
177.66077684 -38.67360758
177.67072192 -38.66945266
177.68066585 -38.66529691
177.69060863 -38.66114032
177.70055026 -38.65698291
177.71049072 -38.65282478
177.72043002 -38.64866581
177.73036817 -38.64450601
177.73899321 -38.64076896
177.74761736 -38.63703127
177.75624061 -38.63329297
177.76486295 -38.62955404
177.77348440 -38.62581448
177.78210495 -38.62207431
177.78931259 -38.61620466
177.79651907 -38.61033457
177.80372438 -38.60446406
177.81092851 -38.59859311
177.81813140 -38.59272169
177.82533312 -38.58684982
177.83142371 -38.58062648
177.83751326 -38.57440283
177.84360177 -38.56817887
177.84968924 -38.56195459
177.85577567 -38.55573001
177.86186106 -38.54950511
177.86794542 -38.54327989
177.87335998 -38.53728183
177.87877366 -38.53128353
177.88418645 -38.52528497
177.88959835 -38.51928617
177.89666176 -38.51309697
177.90372399 -38.50690734
177.91078505 -38.50071730
177.91784489 -38.49452683
177.92490352 -38.48833594
177.92805206 -38.48024416
177.93119992 -38.47215230
177.93434709 -38.46406035
177.93749358 -38.45596832
177.94063939 -38.44787619
177.94378452 -38.43978397
177.94692897 -38.43169167
177.95007274 -38.42359928
177.95321583 -38.41550680
177.95637974 -38.40868636
177.95954308 -38.40186585
177.96270583 -38.39504525
177.96586799 -38.38822459
177.96902958 -38.38140383
177.97384770 -38.37443147
177.97866492 -38.36745891
177.98348122 -38.36048616
177.98829661 -38.35351321
177.99311109 -38.34654006
177.99792467 -38.33956672
178.00193733 -38.33199158
178.00594918 -38.32441630
178.00996021 -38.31684089
178.01397042 -38.30926533
178.01797981 -38.30168964
178.02291110 -38.29431204
178.02784140 -38.28693422
178.03277071 -38.27955620
178.03769905 -38.27217798
178.04262639 -38.26479955
178.04877686 -38.25760563
178.05492613 -38.25041139
178.06107420 -38.24321684
178.06722106 -38.23602197
178.07336672 -38.22882678
178.08014945 -38.22315462
178.08693113 -38.21748208
178.09371176 -38.21180915
178.10049134 -38.20613583
178.10768945 -38.20104021
178.11488655 -38.19594414
178.12208266 -38.19084762
178.12927776 -38.18575068
178.13647185 -38.18065330
178.14453848 -38.17568673
178.15260400 -38.17071961
178.16066842 -38.16575195
178.16873174 -38.16078375
178.17679396 -38.15581500
178.18485509 -38.15084571
178.19291511 -38.14587588
178.20262922 -38.14287655
178.21234252 -38.13987643
178.22205501 -38.13687552
178.23176669 -38.13387381
178.24147756 -38.13087131
178.25118763 -38.12786801
178.26089688 -38.12486392
178.27119479 -38.12302120
178.28149217 -38.12117759
178.29178901 -38.11933308
178.30208530 -38.11748767
178.31238103 -38.11564134
178.32267623 -38.11379410
178.33297088 -38.11194598
178.34415538 -38.11334022
178.35534029 -38.11473339
178.36652560 -38.11612548
178.37771131 -38.11751650
178.38889743 -38.11890645
178.39845257 -38.12203746
178.40800845 -38.12516764
178.41756512 -38.12829702
178.42712260 -38.13142561
178.43668088 -38.13455340
178.44623996 -38.13768041
178.45466592 -38.14245242
178.46309297 -38.14722381
178.47152111 -38.15199458
178.47995034 -38.15676472
178.48838067 -38.16153424
178.49681209 -38.16630314
178.50040950 -38.17374115
178.50400766 -38.18117903
178.50760656 -38.18861679
178.51120621 -38.19605441
178.51480659 -38.20349190
178.51840771 -38.21092925
178.52200958 -38.21836647
178.52561219 -38.22580357
178.53018105 -38.23349241
178.53475089 -38.24118105
178.53932170 -38.24886948
178.54389349 -38.25655772
178.54846625 -38.26424575
178.55303998 -38.27193358
178.55761469 -38.27962120
178.56219038 -38.28730862
178.56293434 -38.29591374
178.56367849 -38.30451882
178.56442284 -38.31312387
178.56516739 -38.32172890
178.56591213 -38.33033391
178.56665707 -38.33893889
178.56740221 -38.34754385
178.56814755 -38.35614879
178.56889308 -38.36475370
178.56963881 -38.37335858
178.57038474 -38.38196345
178.57113087 -38.39056828
178.57187719 -38.39917309
178.57262371 -38.40777785
178.57337043 -38.41638258
178.57411735 -38.42498728
178.57486447 -38.43359196
178.57561178 -38.44219661
178.57635930 -38.45080124
178.57710701 -38.45940584
178.57785493 -38.46801041
178.57302703 -38.47421367
178.56819831 -38.48041674
178.56336878 -38.48661961
178.55853844 -38.49282228
178.55584922 -38.50051294
178.55315947 -38.50820353
178.55046916 -38.51589404
178.54777831 -38.52358449
178.54508690 -38.53127487
178.54239494 -38.53896517
178.53928812 -38.54644799
178.53618067 -38.55393071
178.53307260 -38.56141335
178.52996391 -38.56889590
178.52685460 -38.57637836
178.52374466 -38.58386073
178.52063410 -38.59134301
178.51765402 -38.59864838
178.51467336 -38.60595366
178.51169211 -38.61325886
178.50871028 -38.62056398
178.50572787 -38.62786901
178.50274487 -38.63517396
178.49865795 -38.64133786
178.49457034 -38.64750161
178.49048205 -38.65366522
178.48639308 -38.65982869
178.48008943 -38.66689325
178.47378457 -38.67395748
178.46747849 -38.68102138
178.46117119 -38.68808494
178.45486267 -38.69514817
178.44855293 -38.70221105
178.44305643 -38.70995850
178.43755877 -38.71770569
178.43205995 -38.72545263
178.42655997 -38.73319931
178.42105883 -38.74094573
178.41555653 -38.74869190
178.41005307 -38.75643780
178.40454844 -38.76418345
178.39904266 -38.77192884
178.39353572 -38.77967399
178.38802761 -38.78741888
178.38278470 -38.79532286
178.37754066 -38.80322659
178.37229548 -38.81113007
178.36704917 -38.81903331
178.36180172 -38.82693632
178.35655315 -38.83483908
178.35130345 -38.84274161
178.34605261 -38.85064390
178.34080065 -38.85854594
178.33554755 -38.86644775
178.33029332 -38.87434932
178.32503795 -38.88225065
178.32045740 -38.89033935
178.31587584 -38.89842786
178.31129330 -38.90651622
178.30670975 -38.91460439
178.30212520 -38.92269237
178.29758740 -38.93006189
178.29304869 -38.93743123
178.28850907 -38.94480039
178.28396854 -38.95216937
178.27942710 -38.95953817
178.27488475 -38.96690679
178.27198871 -38.97488191
178.26909206 -38.98285695
178.26619479 -38.99083190
178.26329690 -38.99880677
178.26039840 -39.00678156
178.25749928 -39.01475628
178.25459954 -39.02273091
178.25073009 -39.03103129
178.24685977 -39.03933154
178.24298858 -39.04763165
178.23911652 -39.05593162
178.23524359 -39.06423145
178.23080662 -39.07159301
178.22636876 -39.07895440
178.22193001 -39.08631561
178.21749037 -39.09367666
178.21304985 -39.10103754
178.20860848 -39.10839828
178.20416622 -39.11575885
178.20027686 -39.12350345
178.19638667 -39.13124790
178.19249566 -39.13899221
178.18860383 -39.14673639
178.18471119 -39.15448044
178.18081773 -39.16222435
178.17692346 -39.16996812
178.17410732 -39.17749295
178.17129061 -39.18501770
178.16847334 -39.19254238
178.16565550 -39.20006698
178.16283710 -39.20759150
178.16001814 -39.21511595
178.15509296 -39.22321163
178.15016669 -39.23130709
178.14523933 -39.23940235
178.14031088 -39.24749740
178.13486992 -39.25489901
178.12942785 -39.26230036
178.12398467 -39.26970147
178.11854038 -39.27710233
178.11260971 -39.28416644
178.10667787 -39.29123026
178.10074488 -39.29829378
178.09481075 -39.30535700
178.08920771 -39.31276326
178.08360354 -39.32016925
178.07799822 -39.32757498
178.07239176 -39.33498045
178.06678415 -39.34238565
178.06117540 -39.34979059
178.05524182 -39.35697078
178.04930706 -39.36415067
178.04337112 -39.37133027
178.03743401 -39.37850958
178.03149571 -39.38568859
178.02555623 -39.39286730
178.02017732 -39.39930544
178.01479745 -39.40574333
178.00941662 -39.41218098
178.00403483 -39.41861838
177.99865208 -39.42505555
177.99326838 -39.43149248
177.98730427 -39.43843141
177.98133902 -39.44537004
177.97537261 -39.45230837
177.96940505 -39.45924641
177.96343635 -39.46618415
177.95746649 -39.47312159
177.95072041 -39.47978823
177.94397307 -39.48645448
177.93722447 -39.49312036
177.93047462 -39.49978586
177.92372350 -39.50645097
177.91697114 -39.51311570
177.91021751 -39.51978006
177.90346262 -39.52644404
177.89670648 -39.53310763
177.88994908 -39.53977085
177.88319042 -39.54643369
177.87627748 -39.55331084
177.86936321 -39.56018759
177.86244761 -39.56706394
177.85553068 -39.57393989
177.84861242 -39.58081545
177.84169282 -39.58769061
177.83477189 -39.59456537
177.82784963 -39.60143974
177.82092604 -39.60831370
177.81400112 -39.61518727
177.80776950 -39.62206737
177.80153669 -39.62894714
177.79530266 -39.63582658
177.78906744 -39.64270571
177.78283102 -39.64958451
177.77659339 -39.65646298
177.77035457 -39.66334113
177.76411454 -39.67021895
177.75774523 -39.67763853
177.75137460 -39.68505777
177.74500264 -39.69247667
177.73862937 -39.69989522
177.73225478 -39.70731344
177.72587886 -39.71473131
177.71950162 -39.72214885
177.71257047 -39.72923068
177.70563795 -39.73631211
177.69870404 -39.74339314
177.69176875 -39.75047378
177.68542433 -39.75717218
177.67907871 -39.76387025
177.67273191 -39.77056798
177.66638390 -39.77726538
177.66003470 -39.78396244
177.65368430 -39.79065916
177.64750424 -39.79806436
177.64132290 -39.80546923
177.63514028 -39.81287379
177.62895637 -39.82027802
177.62277118 -39.82768193
177.61658470 -39.83508552
177.61039694 -39.84248879
177.60420788 -39.84989174
177.59801754 -39.85729436
177.59182591 -39.86469666
177.58563298 -39.87209864
177.57943877 -39.87950030
177.57324326 -39.88690164
177.56704647 -39.89430265
177.56084839 -39.90170334
177.55479101 -39.90926651
177.54873234 -39.91682937
177.54267239 -39.92439192
177.53661114 -39.93195417
177.53054861 -39.93951610
177.52448478 -39.94707772
177.51841966 -39.95463903
177.51235326 -39.96220004
177.50628556 -39.96976073
177.50021656 -39.97732111
177.49414628 -39.98488118
177.48807469 -39.99244094
177.48200182 -40.00000039
177.47592766 -40.00755953
177.46985221 -40.01511836
177.46377545 -40.02267688
177.45769741 -40.03023509
177.45190553 -40.03779247
177.44611242 -40.04534956
177.44031807 -40.05290637
177.43452249 -40.06046289
177.42872568 -40.06801913
177.42292762 -40.07557509
177.41712834 -40.08313076
177.41132781 -40.09068614
177.40469425 -40.09698090
177.39805950 -40.10327529
177.39142355 -40.10956931
177.38478642 -40.11586297
177.37814809 -40.12215626
177.37150857 -40.12844919
177.36486785 -40.13474175
177.35822595 -40.14103394
177.35158285 -40.14732577
177.34521427 -40.15421943
177.33884445 -40.16111275
177.33247337 -40.16800573
177.32610104 -40.17489837
177.31972746 -40.18179067
177.31335263 -40.18868263
177.30697655 -40.19557426
177.30059922 -40.20246554
177.29422064 -40.20935649
177.28784080 -40.21624709
177.28145971 -40.22313735
177.27507737 -40.23002727
177.26869377 -40.23691685
177.26230891 -40.24380609
177.25592280 -40.25069499
177.24837045 -40.25723237
177.24081669 -40.26376927
177.23326150 -40.27030571
177.22570490 -40.27684166
177.21814687 -40.28337715
177.21058742 -40.28991216
177.20302655 -40.29644670
177.19546426 -40.30298076
177.18790055 -40.30951435
177.18033541 -40.31604746
177.17276885 -40.32258010
177.16520086 -40.32911226
177.15763145 -40.33564395
177.15006061 -40.34217516
177.14248835 -40.34870590
177.13491466 -40.35523616
177.12733954 -40.36176594
177.11976300 -40.36829525
177.11218503 -40.37482408
177.10460563 -40.38135243
177.09678915 -40.38703412
177.08897137 -40.39271529
177.08115231 -40.39839595
177.07333197 -40.40407613
177.06551034 -40.40975580
177.05768742 -40.41543495
177.04986321 -40.42111361
177.04203771 -40.42679175
177.03421092 -40.43246939
177.02620588 -40.43823215
177.01819950 -40.44399438
177.01019178 -40.44975608
177.00218271 -40.45551724
176.99417230 -40.46127788
176.98616055 -40.46703798
176.97889891 -40.47296552
176.97163602 -40.47889261
176.96437189 -40.48481927
176.95710650 -40.49074549
176.94983987 -40.49667127
176.94257198 -40.50259662
176.93530285 -40.50852152
176.92803247 -40.51444599
176.91971786 -40.52056921
176.91140176 -40.52669185
176.90308418 -40.53281391
176.89476510 -40.53893539
176.88644453 -40.54505628
176.87812248 -40.55117660
176.86979895 -40.55729634
176.86147392 -40.56341551
176.85314742 -40.56953410
176.84481942 -40.57565212
176.83648994 -40.58176956
176.82815897 -40.58788642
176.81982652 -40.59400271
176.81149258 -40.60011843
176.80315716 -40.60623359
176.79482024 -40.61234818
176.78648184 -40.61846219
176.77814194 -40.62457562
176.76980055 -40.63068848
176.76144160 -40.63604626
176.75308132 -40.64140347
176.74471974 -40.64676009
176.73635683 -40.65211613
176.72799261 -40.65747160
176.71962708 -40.66282648
176.71126023 -40.66818078
176.70289206 -40.67353451
176.69452260 -40.67888765
176.68489088 -40.68381046
176.67525777 -40.68873250
176.66562324 -40.69365377
176.65598732 -40.69857427
176.64634998 -40.70349400
176.63671125 -40.70841296
176.62755472 -40.71290171
176.61839698 -40.71738976
176.60923802 -40.72187711
176.60007783 -40.72636376
176.59091644 -40.73084972
176.58175383 -40.73533497
176.57258999 -40.73981952
176.56342494 -40.74430338
176.55437001 -40.74940894
176.54531371 -40.75451382
176.53625604 -40.75961802
176.52719700 -40.76472154
176.51813659 -40.76982437
176.50907480 -40.77492652
176.49957984 -40.77926621
176.49008368 -40.78360515
176.48058628 -40.78794334
176.47108765 -40.79228078
176.46158779 -40.79661747
176.45208669 -40.80095340
176.44323435 -40.80450642
176.43438106 -40.80805878
176.42552683 -40.81161049
176.41667165 -40.81516154
176.40781553 -40.81871194
176.39822643 -40.82298640
176.38863612 -40.82726009
176.37904459 -40.83153301
176.36945182 -40.83580516
176.35985783 -40.84007654
176.35026261 -40.84434715
176.34183236 -40.84902441
176.33340094 -40.85370108
176.32496833 -40.85837715
176.31653456 -40.86305263
176.30809960 -40.86772751
176.29724060 -40.87086023
176.28638055 -40.87399196
176.27551948 -40.87712270
176.26465736 -40.88025245
176.25379422 -40.88338121
176.24293004 -40.88650897
176.23206482 -40.88963574
176.22119858 -40.89276153
176.21146079 -40.89788248
176.20172150 -40.90300265
176.19198067 -40.90812201
176.18223833 -40.91324058
176.17249450 -40.91835835
176.16494247 -40.92382599
176.15738921 -40.92929314
176.14983472 -40.93475982
176.14227901 -40.94022602
176.13472207 -40.94569175
176.12716390 -40.95115699
176.11960451 -40.95662176
176.11151302 -40.96171635
176.10342031 -40.96681039
176.09532636 -40.97190388
176.08723119 -40.97699683
176.07913478 -40.98208923
176.07103714 -40.98718108
176.06293827 -40.99227238
176.05565215 -40.99802641
176.04836482 -41.00377999
176.04107625 -41.00953313
176.03378643 -41.01528581
176.02649536 -41.02103805
176.01920305 -41.02678984
176.01190230 -41.03238247
176.00460034 -41.03797465
175.99729717 -41.04356637
175.98999281 -41.04915764
175.98268723 -41.05474847
175.97538042 -41.06033884
175.96885182 -41.06770970
175.96232179 -41.07508020
175.95579033 -41.08245033
175.94925745 -41.08982010
175.94272315 -41.09718951
175.93618743 -41.10455854
175.92965029 -41.11192721
175.92311172 -41.11929552
175.91657173 -41.12666346
175.90899241 -41.13352741
175.90141155 -41.14039088
175.89382913 -41.14725386
175.88624517 -41.15411636
175.87865965 -41.16097837
175.87107258 -41.16783989
175.86348395 -41.17470093
175.85589377 -41.18156148
175.84978731 -41.18916355
175.84367948 -41.19676531
175.83757030 -41.20436675
175.83145976 -41.21196786
175.82534784 -41.21956865
175.81923454 -41.22716912
175.81131181 -41.23387573
175.80338748 -41.24058180
175.79546158 -41.24728735
175.78814164 -41.25342167
175.78082035 -41.25955553
175.77349772 -41.26568895
175.76617374 -41.27182190
175.76038073 -41.27888723
175.75458651 -41.28595227
175.74879107 -41.29301702
175.74299441 -41.30008148
175.73719653 -41.30714566
175.73139744 -41.31420955
175.72430711 -41.32009587
175.71721553 -41.32598176
175.71012269 -41.33186723
175.70302860 -41.33775228
175.69593327 -41.34363689
175.68982442 -41.34995894
175.68371442 -41.35628067
175.67760326 -41.36260208
175.67149094 -41.36892318
175.66413664 -41.37481170
175.65678104 -41.38069977
175.64942413 -41.38658738
175.64206592 -41.39247453
175.63470640 -41.39836123
175.62732224 -41.40517288
175.61993657 -41.41198406
175.61254938 -41.41879479
175.60516068 -41.42560505
175.59777046 -41.43241485
175.59037874 -41.43922419
175.58298550 -41.44603306
175.57348964 -41.45123341
175.56399227 -41.45643300
175.55449340 -41.46163183
175.54499303 -41.46682990
175.53549114 -41.47202721
175.52598776 -41.47722376
175.51648286 -41.48241955
175.50697646 -41.48761458
175.49810832 -41.49250813
175.48923890 -41.49740102
175.48036818 -41.50229326
175.47149614 -41.50718483
175.46262277 -41.51207574
175.45374808 -41.51696598
175.44487206 -41.52185556
175.43599472 -41.52674447
175.42711605 -41.53163272
175.41660441 -41.53427822
175.40609190 -41.53692279
175.39557852 -41.53956642
175.38506428 -41.54220910
175.37454917 -41.54485085
175.36403320 -41.54749166
175.35351636 -41.55013154
175.34299866 -41.55277047
175.33248009 -41.55540847
175.32196066 -41.55804552
175.31144036 -41.56068164
175.30131142 -41.56419353
175.29118142 -41.56770456
175.28105032 -41.57121472
175.27091812 -41.57472401
175.26078482 -41.57823243
175.25065042 -41.58173998
175.24051493 -41.58524666
175.23037833 -41.58875247
175.21998429 -41.59242169
175.20958907 -41.59609001
175.19919267 -41.59975740
175.18879512 -41.60342389
175.17839639 -41.60708945
175.16799648 -41.61075410
175.15680565 -41.61274964
175.14561412 -41.61474411
175.13442188 -41.61673751
175.12322894 -41.61872984
175.11203530 -41.62072110
175.10084095 -41.62271130
175.08964590 -41.62470042
175.07845014 -41.62668847
175.06725368 -41.62867545
175.05605652 -41.63066136
175.04485866 -41.63264620
175.03441331 -41.63378281
175.02396758 -41.63491849
175.01352146 -41.63605324
175.00307496 -41.63718705
174.99262808 -41.63831993
174.98150041 -41.63794885
174.97037284 -41.63757671
174.95924537 -41.63720351
174.94811801 -41.63682923
174.93742617 -41.63736573
174.92673412 -41.63790125
174.91604189 -41.63843578
174.90513809 -41.64210989
174.89423306 -41.64578298
174.88332678 -41.64945506
174.87366817 -41.65273268
174.86400857 -41.65600951
174.85434801 -41.65928554
174.84468654 -41.66256075
174.83502412 -41.66583517
174.82465282 -41.66993002
174.81428021 -41.67402395
174.80390628 -41.67811697
174.79353105 -41.68220907
174.78315453 -41.68630025
174.77442882 -41.69102902
174.76570184 -41.69575713
174.75697360 -41.70048460
174.74824408 -41.70521141
174.73951330 -41.70993757
174.73078126 -41.71466309
174.72204795 -41.71938795
174.71345487 -41.72517374
174.70486027 -41.73095890
174.69626416 -41.73674343
174.68766653 -41.74252733
174.67906738 -41.74831060
174.67046667 -41.75409325
174.66187203 -41.76017298
174.65327584 -41.76625208
174.64467805 -41.77233055
174.63607866 -41.77840838
174.62747765 -41.78448559
174.61887504 -41.79056216
174.61185374 -41.79627579
174.60483119 -41.80198898
174.59780742 -41.80770176
174.59078241 -41.81341411
174.58375613 -41.81912603
174.57672863 -41.82483752
174.56969989 -41.83054859
174.56270056 -41.83753515
174.55569971 -41.84452128
174.54869733 -41.85150697
174.54169345 -41.85849223
174.53468806 -41.86547707
174.52768115 -41.87246148
174.52067272 -41.87944546
174.51267929 -41.88526761
174.50468443 -41.89108920
174.49668812 -41.89691025
174.48869037 -41.90273075
174.48069118 -41.90855069
174.47222036 -41.91473339
174.46374790 -41.92091547
174.45527383 -41.92709694
174.44679813 -41.93327779
174.43832081 -41.93945803
174.43101336 -41.94570266
174.42370450 -41.95194683
174.41639422 -41.95819054
174.40908253 -41.96443379
174.40176942 -41.97067659
174.39445490 -41.97691893
174.38713895 -41.98316080
174.37982158 -41.98940222
174.37250279 -41.99564319
174.36455740 -42.00221363
174.35661038 -42.00878353
174.34866173 -42.01535289
174.34071144 -42.02192171
174.33275951 -42.02848999
174.32480595 -42.03505772
174.31685074 -42.04162492
174.30889389 -42.04819157
174.30183568 -42.05482206
174.29477597 -42.06145211
174.28771479 -42.06808172
174.28065212 -42.07471091
174.27358797 -42.08133965
174.26652234 -42.08796796
174.25945524 -42.09459582
174.25238669 -42.10122325
174.24531672 -42.10785025
174.23844520 -42.11447467
174.23157225 -42.12109868
174.22469789 -42.12772226
174.21782210 -42.13434542
174.21094489 -42.14096816
174.20406628 -42.14759048
174.19718625 -42.15421238
174.19030481 -42.16083386
174.18342197 -42.16745492
174.17653772 -42.17407557
174.16965206 -42.18069580
174.16276500 -42.18731562
174.15648240 -42.19422679
174.15019847 -42.20113761
174.14391321 -42.20804809
174.13762661 -42.21495823
174.13133866 -42.22186803
174.12504936 -42.22877748
174.11875870 -42.23568658
174.11246668 -42.24259534
174.10617331 -42.24950375
174.09987857 -42.25641181
174.09358243 -42.26331949
174.08728493 -42.27022683
174.08058017 -42.27683980
174.07387402 -42.28345238
174.06716647 -42.29006457
174.06045753 -42.29667635
174.05374724 -42.30328777
174.04703560 -42.30989880
174.03957021 -42.31662818
174.03210325 -42.32335708
174.02463473 -42.33008549
174.01716465 -42.33681342
174.00969301 -42.34354087
174.00221984 -42.35026785
173.99474511 -42.35699436
173.98726883 -42.36372040
173.97979100 -42.37044599
173.97433680 -42.37795531
173.96888132 -42.38546437
173.96342455 -42.39297319
173.95796651 -42.40048174
173.95250719 -42.40799005
173.94704659 -42.41549809
173.94158470 -42.42300587
173.93612153 -42.43051339
173.93065706 -42.43802064
173.92519132 -42.44552763
173.91972429 -42.45303435
173.91425596 -42.46054081
173.90463955 -42.46565985
173.89502159 -42.47077810
173.88540209 -42.47589557
173.87578102 -42.48101224
173.86615840 -42.48612811
173.85653421 -42.49124317
173.84690847 -42.49635743
173.83728119 -42.50147090
173.82765239 -42.50658358
173.81802203 -42.51169545
173.80839013 -42.51680653
173.79875669 -42.52191682
173.78912173 -42.52702631
173.77948524 -42.53213502
173.76984720 -42.53724293
173.76020762 -42.54235005
173.75056652 -42.54745638
173.74009216 -42.55165177
173.72961644 -42.55584622
173.71913934 -42.56003974
173.70866088 -42.56423234
173.69818104 -42.56842401
173.68769984 -42.57261476
173.67721726 -42.57680459
173.66673329 -42.58099350
173.65624793 -42.58518148
173.64576118 -42.58936854
173.63527302 -42.59355468
173.62478347 -42.59773989
173.61508564 -42.60244932
173.60538636 -42.60715794
173.59568567 -42.61186578
173.58598358 -42.61657283
173.57628004 -42.62127904
173.56657504 -42.62598445
173.55686859 -42.63068902
173.54716067 -42.63539274
173.53745127 -42.64009563
173.52790758 -42.64435827
173.51836253 -42.64862009
173.50881613 -42.65288108
173.49926838 -42.65714127
173.48971924 -42.66140062
173.48016877 -42.66565917
173.47061689 -42.66991690
173.46106369 -42.67417382
173.45150910 -42.67842994
173.44195321 -42.68268528
173.43239599 -42.68693981
173.42203874 -42.68976753
173.41168056 -42.69259433
173.40132144 -42.69542021
173.39096141 -42.69824519
173.38060045 -42.70106926
173.37023857 -42.70389240
173.35987573 -42.70671462
173.34951197 -42.70953591
173.33914724 -42.71235627
173.32878158 -42.71517569
173.32011655 -42.72056926
173.31145001 -42.72596215
173.30278197 -42.73135438
173.29411243 -42.73674594
173.28544139 -42.74213684
173.27676885 -42.74752708
173.26809481 -42.75291665
173.25941927 -42.75830555
173.25074226 -42.76369380
173.24206375 -42.76908139
173.23338376 -42.77446833
173.22391532 -42.77893224
173.21444553 -42.78339538
173.20497439 -42.78785775
173.19550189 -42.79231934
173.18602803 -42.79678015
173.17655283 -42.80124019
173.16837333 -42.80696795
173.16019235 -42.81269514
173.15200987 -42.81842176
173.14382589 -42.82414780
173.13564042 -42.82987328
173.12745344 -42.83559818
173.11932614 -42.84105025
173.11119741 -42.84650176
173.10306727 -42.85195269
173.09493570 -42.85740307
173.08680270 -42.86285289
173.07866829 -42.86830214
173.07053246 -42.87375082
173.06128396 -42.87811064
173.05203418 -42.88246971
173.04278309 -42.88682804
173.03353071 -42.89118563
173.02427702 -42.89554248
173.01502204 -42.89989859
173.00576577 -42.90425396
172.99669315 -42.90958853
172.98761898 -42.91492239
172.97854324 -42.92025553
172.96946595 -42.92558795
172.96038711 -42.93091967
172.95130671 -42.93625067
172.94222476 -42.94158096
172.93314125 -42.94691054
172.92405618 -42.95223941
172.91496955 -42.95756757
172.90518396 -42.96224949
172.89539687 -42.96693058
172.88560830 -42.97161084
172.87581825 -42.97629026
172.86602672 -42.98096885
172.85623370 -42.98564660
172.84643919 -42.99032353
172.83664321 -42.99499962
172.82684573 -42.99967487
172.81704676 -43.00434928
172.80724630 -43.00902286
172.79744436 -43.01369561
172.78764094 -43.01836751
172.77807373 -43.02291080
172.76850510 -43.02745330
172.75893507 -43.03199500
172.74936363 -43.03653591
172.73979078 -43.04107601
172.73021651 -43.04561533
172.72064084 -43.05015384
172.71106376 -43.05469156
172.70148527 -43.05922848
172.69190536 -43.06376460
172.68232404 -43.06829992
172.67274131 -43.07283445
172.66315717 -43.07736817
172.65187064 -43.08023666
172.64058304 -43.08310405
172.62929440 -43.08597032
172.61800469 -43.08883549
172.60671393 -43.09169956
172.59542212 -43.09456250
172.58412924 -43.09742432
172.57283531 -43.10028503
172.56386955 -43.10412121
172.55490268 -43.10795668
172.54593468 -43.11179145
172.53696557 -43.11562552
172.52799533 -43.11945889
172.51902397 -43.12329156
172.50973737 -43.12575267
172.50045003 -43.12821303
172.49116193 -43.13067263
172.48187309 -43.13313148
172.47258351 -43.13558959
172.46157632 -43.13911061
172.45056786 -43.14263057
172.43955814 -43.14614948
172.42854715 -43.14966734
172.41753490 -43.15318413
172.40652138 -43.15669987
172.39550661 -43.16021455
172.38449058 -43.16372818
172.37379667 -43.16545620
172.36310216 -43.16718323
172.35240704 -43.16890926
172.34171131 -43.17063429
172.33101497 -43.17235833
172.32031804 -43.17408137
172.30962049 -43.17580341
172.29892234 -43.17752446
172.28798458 -43.18055299
172.27704573 -43.18358049
172.26610579 -43.18660694
172.25516477 -43.18963236
172.24422267 -43.19265672
172.23327948 -43.19568005
172.22298476 -43.19882584
172.21268899 -43.20197070
172.20239215 -43.20511463
172.19209425 -43.20825763
172.18179529 -43.21139972
172.17076587 -43.21429740
172.15973540 -43.21719402
172.14870389 -43.22008958
172.13767133 -43.22298408
172.12663772 -43.22587752
172.11560307 -43.22876989
172.10455536 -43.23247987
172.09350630 -43.23618877
172.08245589 -43.23989661
172.07140414 -43.24360338
172.06035105 -43.24730909
172.04929662 -43.25101373
172.03824084 -43.25471731
172.02718373 -43.25841982
172.01599629 -43.26169837
172.00480765 -43.26497582
171.99361781 -43.26825218
171.98242677 -43.27152745
171.97123452 -43.27480163
171.96004107 -43.27807471
171.94884641 -43.28134670
171.93765056 -43.28461759
171.92645350 -43.28788739
171.91569716 -43.29113548
171.90493967 -43.29438255
171.89418104 -43.29762860
171.88342128 -43.30087363
171.87266038 -43.30411765
171.86189833 -43.30736066
171.85113513 -43.31060265
171.84037079 -43.31384363
171.82991964 -43.31664020
171.81946753 -43.31943582
171.80901446 -43.32223048
171.79856043 -43.32502418
171.78810544 -43.32781693
171.77764949 -43.33060872
171.76719259 -43.33339955
171.75673472 -43.33618943
171.74628968 -43.33830857
171.73584391 -43.34042677
171.72539741 -43.34254401
171.71495018 -43.34466029
171.70450223 -43.34677562
171.69405356 -43.34888999
171.68360416 -43.35100340
171.67315404 -43.35311586
171.66386372 -43.35700952
171.65457222 -43.36090243
171.64527953 -43.36479458
171.63598565 -43.36868597
171.62669058 -43.37257660
171.61653867 -43.37388359
171.60638634 -43.37518969
171.59623357 -43.37649487
171.58608038 -43.37779916
171.57592675 -43.37910254
171.56577269 -43.38040501
171.55446704 -43.38204936
171.54316078 -43.38369259
171.53185391 -43.38533470
171.52054643 -43.38697569
171.50930706 -43.38866749
171.49806707 -43.39035819
171.48682645 -43.39204778
171.47558521 -43.39373626
171.46434335 -43.39542363
171.45310086 -43.39710989
171.44185776 -43.39879505
171.43137099 -43.40008111
171.42088379 -43.40136620
171.41039615 -43.40265034
171.39990806 -43.40393350
171.38941950 -43.40521571
171.37893050 -43.40649694
171.36811445 -43.40777256
171.35729795 -43.40904715
171.34648099 -43.41032072
171.33566359 -43.41159325
171.32484573 -43.41286476
171.31402742 -43.41413525
171.30320866 -43.41540470
171.29238945 -43.41667313
171.28056739 -43.41871953
171.26874454 -43.42076470
171.25692089 -43.42280864
171.24509645 -43.42485136
171.23327121 -43.42689284
171.22144518 -43.42893310
171.20961835 -43.43097212
171.19779073 -43.43300992
171.18596231 -43.43504648
171.17469255 -43.43711343
171.16342203 -43.43917925
171.15215074 -43.44124396
171.14087868 -43.44330755
171.12960585 -43.44537003
171.11833227 -43.44743138
171.10705791 -43.44949162
171.09539494 -43.45229980
171.08373089 -43.45510679
171.07206576 -43.45791258
171.06039954 -43.46071718
171.04873225 -43.46352057
171.03706387 -43.46632277
171.02539442 -43.46912377
171.01372388 -43.47192357
171.00205227 -43.47472217
170.99037958 -43.47751957
170.97927055 -43.48104043
170.96816022 -43.48456020
170.95704860 -43.48807889
170.94593568 -43.49159648
170.93482147 -43.49511299
170.92370597 -43.49862841
170.91258921 -43.50214272
170.90147115 -43.50565594
170.89035193 -43.50916800
170.87923142 -43.51267897
170.86810962 -43.51618885
170.85698652 -43.51969764
170.84586212 -43.52320534
170.83473642 -43.52671196
170.82360943 -43.53021748
170.81253502 -43.53378420
170.80145930 -43.53734985
170.79038225 -43.54091442
170.77930390 -43.54447791
170.76822423 -43.54804032
170.75714324 -43.55160164
170.74606094 -43.55516189
170.73497733 -43.55872105
170.72389241 -43.56227913
170.71280617 -43.56583612
170.70171861 -43.56939203
170.69062984 -43.57294683
170.67953978 -43.57650053
170.66844839 -43.58005315
170.65757565 -43.58385981
170.64670153 -43.58766544
170.63582602 -43.59147002
170.62494913 -43.59527355
170.61407087 -43.59907604
170.60319128 -43.60287746
170.59231038 -43.60667782
170.58142812 -43.61047712
170.57054447 -43.61427539
170.55965943 -43.61807262
170.54877300 -43.62186881
170.53833784 -43.62577476
170.52790131 -43.62967977
170.51746340 -43.63358381
170.50702413 -43.63748690
170.49658348 -43.64138903
170.48614145 -43.64529020
170.47569805 -43.64919041
170.46525328 -43.65308967
170.45480714 -43.65698797
170.44494689 -43.66157711
170.43508511 -43.66616540
170.42522181 -43.67075283
170.41535698 -43.67533941
170.40549062 -43.67992513
170.39562291 -43.68450993
170.38575390 -43.68909376
170.37588339 -43.69367674
170.36601136 -43.69825885
170.35613805 -43.70284001
170.34626322 -43.70742031
170.33702870 -43.71324214
170.32779236 -43.71906324
170.31855420 -43.72488358
170.30931421 -43.73070318
170.30007240 -43.73652203
170.29082878 -43.74234012
170.28158334 -43.74815747
170.27233607 -43.75397407
170.26308697 -43.75978993
170.25351563 -43.76438902
170.24394279 -43.76898732
170.23436846 -43.77358481
170.22479263 -43.77818149
170.21521532 -43.78277738
170.20563651 -43.78737245
170.19605622 -43.79196673
170.18647446 -43.79656019
170.17782824 -43.80194542
170.16918047 -43.80732996
170.16053111 -43.81271385
170.15188018 -43.81809707
170.14322768 -43.82347963
170.13457359 -43.82886153
170.12591792 -43.83424277
170.11726067 -43.83962335
170.10860184 -43.84500326
170.09994143 -43.85038251
170.09127950 -43.85576109
170.08261599 -43.86113899
170.07221776 -43.86598035
170.06181783 -43.87082075
170.05141619 -43.87566020
170.04101285 -43.88049869
170.03060780 -43.88533622
170.02020105 -43.89017280
170.00979259 -43.89500842
170.00064993 -43.89991701
169.99150595 -43.90482471
169.98236045 -43.90973167
169.97321344 -43.91463788
169.96406491 -43.91954336
169.95491486 -43.92444809
169.94576330 -43.92935208
169.93661021 -43.93425532
169.92745561 -43.93915782
169.91829950 -43.94405958
169.90902926 -43.94939950
169.89975735 -43.95473865
169.89048403 -43.96007695
169.88120903 -43.96541449
169.87193233 -43.97075127
169.86265393 -43.97608729
169.85337385 -43.98142256
169.84409207 -43.98675706
169.83480859 -43.99209080
169.82552343 -43.99742379
169.81623657 -44.00275597
169.80706913 -44.00750581
169.79790022 -44.01225490
169.78872985 -44.01700323
169.77955799 -44.02175082
169.77038464 -44.02649766
169.76120981 -44.03124376
169.75203349 -44.03598911
169.74285568 -44.04073371
169.73367638 -44.04547757
169.72449560 -44.05022068
169.71480861 -44.05512734
169.70512000 -44.06003317
169.69542972 -44.06493815
169.68573779 -44.06984230
169.67604424 -44.07474560
169.66634907 -44.07964808
169.65665228 -44.08454972
169.64695387 -44.08945053
169.63800672 -44.09419380
169.62905812 -44.09893636
169.62010809 -44.10367817
169.61115662 -44.10841926
169.60220370 -44.11315965
169.59324926 -44.11789927
169.58429335 -44.12263817
169.57533601 -44.12737636
169.56572238 -44.13178783
169.55610732 -44.13619848
169.54649082 -44.14060831
169.53687288 -44.14501732
169.52725350 -44.14942551
169.51763268 -44.15383288
169.50801042 -44.15823943
169.49813264 -44.16294385
169.48825328 -44.16764742
169.47837235 -44.17235012
169.46848983 -44.17705196
169.45860574 -44.18175293
169.44872006 -44.18645303
169.43912070 -44.19187625
169.42951957 -44.19729865
169.41991668 -44.20272024
169.41031203 -44.20814101
169.40070559 -44.21356096
169.39109737 -44.21898010
169.38148737 -44.22439842
169.37187559 -44.22981592
169.36226203 -44.23523260
169.35314108 -44.24123621
169.34401826 -44.24723907
169.33489357 -44.25324120
169.32576700 -44.25924259
169.31663856 -44.26524323
169.30750825 -44.27124313
169.29837607 -44.27724229
169.28924201 -44.28324070
169.28010609 -44.28923836
169.27096829 -44.29523528
169.26289675 -44.30087287
169.25482367 -44.30650988
169.24674903 -44.31214631
169.23867283 -44.31778216
169.23059508 -44.32341742
169.22251577 -44.32905210
169.21443489 -44.33468620
169.20635246 -44.34031972
169.19942574 -44.34622076
169.19249763 -44.35212138
169.18556810 -44.35802156
169.17863718 -44.36392132
169.17170485 -44.36982064
169.16477112 -44.37571954
169.15783598 -44.38161801
169.15053783 -44.38820775
169.14323803 -44.39479702
169.13593661 -44.40138580
169.12863359 -44.40797410
169.12132890 -44.41456192
169.11402255 -44.42114927
169.10671455 -44.42773613
169.09940488 -44.43432252
169.09209352 -44.44090841
169.08467245 -44.44745041
169.07724971 -44.45399192
169.06982530 -44.46053294
169.06239921 -44.46707346
169.05497145 -44.47361349
169.04754202 -44.48015302
169.04011091 -44.48669206
169.03267812 -44.49323061
169.02569027 -44.49988158
169.01870086 -44.50653208
169.01170984 -44.51318215
169.00471722 -44.51983177
168.99772299 -44.52648096
168.99072715 -44.53312971
168.98372970 -44.53977802
168.97673065 -44.54642589
168.96972998 -44.55307332
168.96272771 -44.55972031
168.95572382 -44.56636687
168.94939966 -44.57368713
168.94307390 -44.58100703
168.93674653 -44.58832657
168.93041756 -44.59564575
168.92408702 -44.60296453
168.91775490 -44.61028294
168.91142118 -44.61760098
168.90508584 -44.62491867
168.89874888 -44.63223601
168.89241030 -44.63955299
168.88607011 -44.64686961
168.88043058 -44.65382081
168.87478968 -44.66077173
168.86914742 -44.66772236
168.86350379 -44.67467271
168.85785881 -44.68162278
168.85221245 -44.68857256
168.84656474 -44.69552205
168.84005824 -44.70244035
168.83355018 -44.70935826
168.82704055 -44.71627579
168.82052937 -44.72319294
168.81401661 -44.73010971
168.80750229 -44.73702610
168.80098639 -44.74394211
168.79446892 -44.75085773
168.78794987 -44.75777298
168.78142926 -44.76468784
168.77466955 -44.77141482
168.76790826 -44.77814140
168.76114538 -44.78486756
168.75438093 -44.79159332
168.74761488 -44.79831866
168.74084727 -44.80504358
168.73407807 -44.81176808
168.72730729 -44.81849218
168.72004347 -44.82537650
168.71277792 -44.83226035
168.70551061 -44.83914373
168.69824157 -44.84602664
168.69097078 -44.85290908
168.68369825 -44.85979104
168.67642397 -44.86667254
168.66914795 -44.87355356
168.66187018 -44.88043411
168.65459066 -44.88731418
168.64730939 -44.89419379
168.64056417 -44.90122324
168.63381730 -44.90825228
168.62706879 -44.91528091
168.62031862 -44.92230914
168.61356679 -44.92933696
168.60681330 -44.93636437
168.60005815 -44.94339138
168.59330133 -44.95041797
168.58654284 -44.95744416
168.57978270 -44.96446993
168.57302089 -44.97149530
168.56642044 -44.97878663
168.55981830 -44.98607756
168.55321448 -44.99336811
168.54660898 -45.00065826
168.54000178 -45.00794802
168.53339290 -45.01523739
168.52678233 -45.02252636
168.52017008 -45.02981494
168.51355614 -45.03710314
168.50694050 -45.04439093
168.50032318 -45.05167834
168.49504766 -45.05972029
168.48977065 -45.06776199
168.48449214 -45.07580344
168.47921215 -45.08384463
168.47166254 -45.08940957
168.46411146 -45.09497401
168.45655891 -45.10053793
168.44900489 -45.10610132
168.44144940 -45.11166422
168.43389244 -45.11722660
168.42633400 -45.12278848
168.41828628 -45.12897597
168.41023681 -45.13516289
168.40218559 -45.14134924
168.39413263 -45.14753501
168.38607791 -45.15372020
168.37802144 -45.15990481
168.36965505 -45.16619579
168.36128680 -45.17248615
168.35291671 -45.17877589
168.34454476 -45.18506501
168.33617097 -45.19135350
168.32779532 -45.19764136
168.31941782 -45.20392861
168.31103848 -45.21021523
168.30265728 -45.21650122
168.29343083 -45.22208993
168.28420256 -45.22767789
168.27497248 -45.23326509
168.26574058 -45.23885153
168.25650688 -45.24443722
168.24727136 -45.25002215
168.23803402 -45.25560632
168.22879487 -45.26118973
168.21955391 -45.26677239
168.21031113 -45.27235429
168.20014867 -45.27723502
168.18998445 -45.28211483
168.17981849 -45.28699372
168.16965078 -45.29187170
168.15948132 -45.29674877
168.14931012 -45.30162491
168.13913717 -45.30650014
168.12896248 -45.31137446
168.11878604 -45.31624785
168.10860272 -45.32037325
168.09841792 -45.32449772
168.08823163 -45.32862128
168.07804387 -45.33274392
168.06785463 -45.33686565
168.05766391 -45.34098645
168.04747172 -45.34510634
168.03727804 -45.34922531
168.02708289 -45.35334336
168.01688626 -45.35746049
168.00668815 -45.36157669
167.99671220 -45.36606953
167.98673466 -45.37056147
167.97675554 -45.37505254
167.96677483 -45.37954272
167.95679255 -45.38403201
167.94680868 -45.38852043
167.93682322 -45.39300796
167.92683619 -45.39749460
167.91684760 -45.40198037
167.90685745 -45.40646526
167.89696626 -45.41108885
167.88707346 -45.41571158
167.87717905 -45.42033344
167.86728303 -45.42495443
167.85738539 -45.42957456
167.84748615 -45.43419382
167.83758529 -45.43881221
167.82768281 -45.44342973
167.81777872 -45.44804638
167.80787302 -45.45266217
167.79779373 -45.45751327
167.78771270 -45.46236349
167.77762994 -45.46721282
167.76754546 -45.47206124
167.75745924 -45.47690876
167.74737129 -45.48175539
167.73728162 -45.48660111
167.72719021 -45.49144593
167.71709707 -45.49628984
167.70797079 -45.50207820
167.69884266 -45.50786580
167.68971265 -45.51365266
167.68058076 -45.51943877
167.67144699 -45.52522414
167.66231136 -45.53100877
167.65323766 -45.53610633
167.64416233 -45.54120316
167.63508535 -45.54629927
167.62600673 -45.55139464
167.61692647 -45.55648928
167.60784457 -45.56158319
167.59876103 -45.56667637
167.58967588 -45.57176881
167.58058909 -45.57686053
167.57148987 -45.58254485
167.56238881 -45.58822844
167.55328591 -45.59391130
167.54418117 -45.59959340
167.53507463 -45.60527475
167.52596624 -45.61095536
167.51685601 -45.61663523
167.50774393 -45.62231436
167.49863002 -45.62799276
167.48951425 -45.63367044
167.48004599 -45.63915351
167.47057588 -45.64463578
167.46110392 -45.65011725
167.45163011 -45.65559792
167.44215445 -45.66107780
167.43267695 -45.66655687
167.42319760 -45.67203515
167.41371639 -45.67751263
167.40423334 -45.68298931
167.39474843 -45.68846519
167.38526166 -45.69394028
167.37577304 -45.69941457
167.36628253 -45.70488806
167.35679018 -45.71036075
167.34794724 -45.71613694
167.33910247 -45.72191243
167.33025588 -45.72768721
167.32140746 -45.73346130
167.31255723 -45.73923469
167.30370517 -45.74500737
167.29485128 -45.75077936
167.28599557 -45.75655064
167.27713804 -45.76232122
167.26827869 -45.76809110
167.25941751 -45.77386028
167.25055450 -45.77962876
167.24168967 -45.78539653
167.23282301 -45.79116359
167.22463022 -45.79744072
167.21643557 -45.80371723
167.20823907 -45.80999315
167.20004073 -45.81626845
167.19184058 -45.82254315
167.18363859 -45.82881725
167.17543475 -45.83509074
167.16722907 -45.84136362
167.15902155 -45.84763589
167.15081219 -45.85390756
167.14260098 -45.86017862
167.13438792 -45.86644907
167.12617302 -45.87271891
167.11924091 -45.88029394
167.11230690 -45.88786853
167.10537100 -45.89544268
167.09843323 -45.90301637
167.09149357 -45.91058959
167.08455203 -45.91816238
167.07760858 -45.92573471
167.07066324 -45.93330661
167.06371600 -45.94087805
167.05676686 -45.94844906
167.05136324 -45.95562101
167.04595822 -45.96279270
167.04055179 -45.96996411
167.03514396 -45.97713524
167.02973472 -45.98430610
167.02432408 -45.99147668
167.01891203 -45.99864699
167.01349858 -46.00581701
167.00808372 -46.01298677
167.00266746 -46.02015624
166.99622679 -46.02778215
166.98978435 -46.03540767
166.98334013 -46.04303280
166.97689413 -46.05065754
166.97044635 -46.05828190
166.96399679 -46.06590587
166.95754545 -46.07352945
166.95109232 -46.08115264
166.94463741 -46.08877544
166.93893898 -46.09643711
166.93323897 -46.10409845
166.92753738 -46.11175948
166.92183420 -46.11942019
166.91612943 -46.12708060
166.91042308 -46.13474070
166.90471513 -46.14240048
166.89900560 -46.15005996
166.89329447 -46.15771913
166.88723922 -46.16541174
166.88118228 -46.17310399
166.87512365 -46.18079590
166.86906332 -46.18848746
166.86300129 -46.19617868
166.85693757 -46.20386954
166.85087216 -46.21156005
166.84606516 -46.21966591
166.84125674 -46.22777155
166.83644690 -46.23587695
166.83163563 -46.24398212
166.82682293 -46.25208707
166.82200880 -46.26019178
166.81719325 -46.26829626
166.81237627 -46.27640051
166.80755785 -46.28450453
166.80273801 -46.29260832
166.79791674 -46.30071187
166.79309064 -46.30857297
166.78826316 -46.31643383
166.78343428 -46.32429445
166.77860401 -46.33215485
166.77377235 -46.34001502
166.76893930 -46.34787495
166.76410485 -46.35573465
166.75926901 -46.36359412
166.75528602 -46.37187010
166.75130183 -46.38014590
166.74731641 -46.38842154
166.74332978 -46.39669702
166.73934192 -46.40497232
166.73535283 -46.41324745
166.73136252 -46.42152242
166.72737099 -46.42979721
166.72337823 -46.43807184
166.71838401 -46.44568282
166.71338839 -46.45329355
166.70839137 -46.46090404
166.70339294 -46.46851428
166.69839312 -46.47612427
166.69339190 -46.48373402
166.68838927 -46.49134352
166.68338524 -46.49895277
166.68039489 -46.50764657
166.67740356 -46.51634027
166.67441126 -46.52503386
166.67141798 -46.53372735
166.66842373 -46.54242072
166.66542850 -46.55111398
166.66243229 -46.55980714
166.65943510 -46.56850018
166.65643693 -46.57719312
166.65343778 -46.58588594
166.65043765 -46.59457866
166.64582075 -46.60271152
166.64120245 -46.61084417
166.63658276 -46.61897660
166.63196167 -46.62710880
166.62733918 -46.63524079
166.62271529 -46.64337256
166.61809000 -46.65150410
166.61346331 -46.65963543
166.60883522 -46.66776654
166.60448319 -46.67586062
166.60012985 -46.68395451
166.59577520 -46.69204820
166.59141924 -46.70014169
166.58706195 -46.70823499
166.58270334 -46.71632808
166.57834341 -46.72442097
166.57398216 -46.73251367
166.56961959 -46.74060616
166.56525570 -46.74869846
166.56089048 -46.75679055
166.55652394 -46.76488245
166.55215607 -46.77297414
166.54778688 -46.78106563
166.54341636 -46.78915693
166.53904452 -46.79724802
166.53467133 -46.80533890
166.53029681 -46.81342957
166.52592096 -46.82152004
166.52154378 -46.82961031
166.51716527 -46.83770038
166.51278543 -46.84579025
