170.99159810 -42.05385296
170.99755701 -42.04740750
171.00351469 -42.04096171
171.00947113 -42.03451559
171.01542634 -42.02806915
171.02138031 -42.02162237
171.02733305 -42.01517527
171.03345910 -42.00752276
171.03958364 -41.99986990
171.04570666 -41.99221669
171.05182818 -41.98456313
171.05794819 -41.97690922
171.06406669 -41.96925497
171.07018368 -41.96160036
171.07683663 -41.95426082
171.08348801 -41.94692087
171.09013782 -41.93958051
171.09678607 -41.93223974
171.10343276 -41.92489856
171.11007788 -41.91755696
171.11672143 -41.91021496
171.12362925 -41.90307702
171.13053549 -41.89593863
171.13744016 -41.88879980
171.14434325 -41.88166053
171.15124476 -41.87452082
171.15704201 -41.86699250
171.16283785 -41.85946387
171.16863229 -41.85193492
171.17442533 -41.84440565
171.18021698 -41.83687607
171.18600722 -41.82934618
171.19179606 -41.82181598
171.19758351 -41.81428546
171.20336956 -41.80675462
171.20915422 -41.79922347
171.21493747 -41.79169201
171.22071933 -41.78416023
171.22683719 -41.77646018
171.23295355 -41.76875978
171.23906840 -41.76105903
171.24518174 -41.75335793
171.25129358 -41.74565647
171.25740391 -41.73795467
171.26351274 -41.73025252
171.26962006 -41.72255002
171.27572589 -41.71484717
171.28183021 -41.70714397
171.28793303 -41.69944042
171.29410392 -41.69195225
171.30027334 -41.68446372
171.30644128 -41.67697485
171.31260776 -41.66948561
171.31877276 -41.66199602
171.32493629 -41.65450608
171.33109834 -41.64701578
171.33725893 -41.63952512
171.34341805 -41.63203411
171.34957571 -41.62454274
171.35573189 -41.61705102
171.36188661 -41.60955894
171.36803986 -41.60206651
171.37419164 -41.59457373
171.38034196 -41.58708058
171.38649081 -41.57958708
171.39263820 -41.57209323
171.39878413 -41.56459902
171.40492859 -41.55710446
171.41107159 -41.54960955
171.41721313 -41.54211428
171.42335321 -41.53461866
171.42949183 -41.52712268
171.43612734 -41.52021114
171.44276140 -41.51329919
171.44939402 -41.50638683
171.45602519 -41.49947406
171.46265491 -41.49256088
171.46928319 -41.48564728
171.47591002 -41.47873328
171.48253541 -41.47181886
171.48915936 -41.46490403
171.49578186 -41.45798879
171.50367344 -41.45225714
171.51156361 -41.44652492
171.51945236 -41.44079213
171.52733971 -41.43505876
171.53522565 -41.42932482
171.54311017 -41.42359031
171.55099329 -41.41785522
171.55887500 -41.41211956
171.56675530 -41.40638333
171.57463419 -41.40064653
171.58251167 -41.39490915
171.59038775 -41.38917121
171.59887304 -41.38298763
171.60735671 -41.37680340
171.61583874 -41.37061850
171.62431914 -41.36443294
171.63279791 -41.35824672
171.64127505 -41.35205984
171.64975056 -41.34587229
171.65822444 -41.33968409
171.66669669 -41.33349522
171.67516731 -41.32730570
171.68369917 -41.32216436
171.69222967 -41.31702236
171.70075882 -41.31187969
171.70928661 -41.30673637
171.71781306 -41.30159237
171.72633814 -41.29644772
171.73486187 -41.29130240
171.74338425 -41.28615641
171.75190528 -41.28100976
171.76133648 -41.27561586
171.77076612 -41.27022115
171.78019418 -41.26482563
171.78962069 -41.25942930
171.79904562 -41.25403216
171.80846900 -41.24863421
171.81789080 -41.24323545
171.82731105 -41.23783588
171.83672973 -41.23243550
171.84614685 -41.22703432
171.85556240 -41.22163233
171.86497639 -41.21622952
171.87438882 -41.21082592
171.88355582 -41.20605679
171.89272149 -41.20128689
171.90188581 -41.19651623
171.91104880 -41.19174482
171.92021046 -41.18697264
171.92937077 -41.18219970
171.93852975 -41.17742599
171.94768739 -41.17265153
171.95684369 -41.16787631
171.96599865 -41.16310032
171.97515228 -41.15832358
171.98430458 -41.15354608
171.99345553 -41.14876782
172.00260516 -41.14398880
172.01175344 -41.13920902
172.02153856 -41.13563764
172.03132263 -41.13206539
172.04110564 -41.12849228
172.05088760 -41.12491832
172.06066850 -41.12134349
172.07044834 -41.11776781
172.08022713 -41.11419127
172.09000486 -41.11061387
172.09978154 -41.10703561
172.10924197 -41.10271442
172.11870115 -41.09839242
172.12815910 -41.09406961
172.13761581 -41.08974600
172.14707127 -41.08542157
172.15652549 -41.08109634
172.16597847 -41.07677031
172.17543021 -41.07244347
172.18488071 -41.06811582
172.19432997 -41.06378737
172.20377798 -41.05945810
172.21322475 -41.05512801
172.22267027 -41.05079712
172.23310437 -41.04657974
172.24353713 -41.04236139
172.25396857 -41.03814205
172.26439867 -41.03392174
172.27482745 -41.02970045
172.28525489 -41.02547818
172.29633745 -41.02289254
172.30741916 -41.02030580
172.31850002 -41.01771797
172.32958003 -41.01512905
172.34065919 -41.01253904
172.35173749 -41.00994793
172.36281495 -41.00735574
172.37297359 -41.00562525
172.38313171 -41.00389385
172.39328932 -41.00216153
172.40344643 -41.00042828
172.41360306 -40.99869405
172.42375918 -40.99695890
172.43391477 -40.99522284
172.44406985 -40.99348586
172.45516170 -40.99246714
172.46625322 -40.99144734
172.47734443 -40.99042645
172.48843532 -40.98940448
172.49952589 -40.98838142
172.51061615 -40.98735728
172.52170609 -40.98633205
172.53279570 -40.98530574
172.54465088 -40.98555767
172.55650617 -40.98580837
172.56836159 -40.98605783
172.58021713 -40.98630607
172.59207279 -40.98655308
172.60392857 -40.98679887
172.61578449 -40.98704343
172.62764053 -40.98728676
172.63949669 -40.98752886
172.65135296 -40.98776974
172.66320935 -40.98800939
172.67506585 -40.98824781
172.68692247 -40.98848500
172.69877920 -40.98872096
172.70938582 -40.98982043
172.71999281 -40.99091892
172.73060019 -40.99201643
172.74120793 -40.99311297
172.75181605 -40.99420852
172.76242455 -40.99530310
172.77303342 -40.99639670
172.78364266 -40.99748932
172.79517269 -40.99908879
172.80670330 -41.00068712
172.81823448 -41.00228430
172.82976625 -41.00388033
172.84129860 -41.00547521
172.85283153 -41.00706893
172.86436504 -41.00866149
172.87581888 -41.01054647
172.88727340 -41.01243031
172.89872859 -41.01431301
172.91018444 -41.01619466
172.92164096 -41.01807519
172.93309816 -41.01995458
172.94455603 -41.02183284
172.95602907 -41.02320197
172.96750262 -41.02456996
172.97897666 -41.02593681
172.99045119 -41.02730251
173.00192622 -41.02866707
173.01340175 -41.03003049
173.02487778 -41.03139276
173.03556650 -41.03353262
173.04625594 -41.03567149
173.05694609 -41.03780937
173.06763694 -41.03994627
173.07832850 -41.04208217
173.08902077 -41.04421708
173.09971375 -41.04635101
173.11040739 -41.04848392
173.12110174 -41.05061585
173.13179679 -41.05274678
173.14301477 -41.05526504
173.15423363 -41.05778221
173.16545335 -41.06029828
173.17667395 -41.06281327
173.18789542 -41.06532716
173.19911777 -41.06783996
173.21034097 -41.07035166
173.22156504 -41.07286227
173.23327925 -41.07205681
173.24499319 -41.07125016
173.25670686 -41.07044231
173.26842025 -41.06963326
173.28013338 -41.06882302
173.29184623 -41.06801158
173.30355880 -41.06719895
173.31527109 -41.06638512
173.32698311 -41.06557010
173.33869486 -41.06475388
173.35040632 -41.06393647
173.36211751 -41.06311786
173.37382843 -41.06229806
173.38553906 -41.06147707
173.39724941 -41.06065488
173.40895948 -41.05983149
173.42066927 -41.05900692
173.43237877 -41.05818114
173.44408800 -41.05735418
173.45579694 -41.05652602
173.46750560 -41.05569667
173.47921398 -41.05486612
173.49092207 -41.05403439
173.50262988 -41.05320146
173.51433741 -41.05236734
173.52604465 -41.05153203
173.53775161 -41.05069552
173.54945828 -41.04985783
173.56116467 -41.04901894
173.57287076 -41.04817886
173.58457657 -41.04733760
173.59628209 -41.04649514
173.60798741 -41.04565150
173.61969247 -41.04480668
173.63139724 -41.04396067
173.64310172 -41.04311347
173.65480590 -41.04226507
173.66650980 -41.04141549
173.67821340 -41.04056472
173.68889539 -41.03990314
173.69957717 -41.03924056
173.71025874 -41.03857700
173.72094011 -41.03791245
173.73162127 -41.03724691
173.74230221 -41.03658038
173.75298295 -41.03591286
173.76476292 -41.03526456
173.77654266 -41.03461505
173.78832218 -41.03396434
173.80010148 -41.03331243
173.80688229 -41.03295667
173.81366303 -41.03260051
173.82494550 -41.03130969
173.83622754 -41.03001777
173.84750914 -41.02872474
173.85879031 -41.02743061
173.87007104 -41.02613538
173.88135134 -41.02483904
173.89020241 -41.02274009
173.89905293 -41.02064046
173.90790287 -41.01854014
173.91680979 -41.01297478
173.92571522 -41.00740873
173.93461915 -41.00184199
173.94352158 -40.99627459
173.95242253 -40.99070654
173.96132198 -40.98513780
173.97021993 -40.97956837
173.97911640 -40.97399826
173.98801136 -40.96842746
173.99690484 -40.96285597
174.00579682 -40.95728381
174.01468732 -40.95171097
174.02357631 -40.94613744
174.03246382 -40.94056323
174.04134984 -40.93498832
174.05023437 -40.92941273
174.05911741 -40.92383645
174.06799896 -40.91825948
174.07687902 -40.91268183
174.08575759 -40.90710349
174.09463468 -40.90152446
174.10351027 -40.89594476
174.10937692 -40.89401053
174.11771066 -40.88838203
174.12604299 -40.88275291
174.13437392 -40.87712318
174.14270344 -40.87149285
174.15103155 -40.86586190
174.15935826 -40.86023035
174.16768357 -40.85459819
174.17600747 -40.84896541
174.18432996 -40.84333203
174.19265106 -40.83769805
174.20097075 -40.83206345
174.20928903 -40.82642825
174.21760591 -40.82079244
174.22592139 -40.81515602
174.23364642 -40.80887747
174.24137000 -40.80259840
174.24909213 -40.79631881
174.25681282 -40.79003869
174.26453205 -40.78375805
174.27224983 -40.77747688
174.27996616 -40.77119519
174.28768105 -40.76491297
174.29539449 -40.75863023
174.30310648 -40.75234696
174.31081703 -40.74606316
174.31852613 -40.73977883
174.32623379 -40.73349399
174.33394000 -40.72720861
174.34164477 -40.72092272
174.34959379 -40.71487173
174.35754138 -40.70882019
174.36548754 -40.70276809
174.37343227 -40.69671544
174.38137556 -40.69066224
174.38931742 -40.68460849
174.39725785 -40.67855418
174.40519685 -40.67249932
174.41313442 -40.66644391
174.42107055 -40.66038794
174.42900526 -40.65433142
174.43693854 -40.64827435
174.44487039 -40.64221672
174.45157993 -40.63534901
174.45828810 -40.62848090
174.46499490 -40.62161239
174.47170034 -40.61474348
174.47840440 -40.60787417
174.48510710 -40.60100446
174.49180844 -40.59413436
174.49850840 -40.58726386
174.50520701 -40.58039296
174.51190425 -40.57352165
174.51860012 -40.56664995
174.52529463 -40.55977785
174.53198777 -40.55290536
174.53818398 -40.54575756
174.54437887 -40.53860942
174.55057245 -40.53146094
174.55676472 -40.52431211
174.56295568 -40.51716294
174.56914533 -40.51001343
174.57533367 -40.50286358
174.58152070 -40.49571338
174.58770643 -40.48856286
174.59389084 -40.48141199
174.60007395 -40.47426078
174.60625575 -40.46710922
174.61243625 -40.45995733
174.61861544 -40.45280509
174.62477805 -40.44532926
174.63093930 -40.43785309
174.63709919 -40.43037658
174.64325772 -40.42289973
174.64941490 -40.41542254
174.65557072 -40.40794501
174.66172518 -40.40046714
174.66787829 -40.39298893
174.67403004 -40.38551038
174.68018043 -40.37803150
174.68632947 -40.37055227
174.69247716 -40.36307271
174.69862349 -40.35559280
174.70476847 -40.34811256
174.71091210 -40.34063198
174.71707442 -40.33364449
174.72323548 -40.32665667
174.72939527 -40.31966850
174.73555380 -40.31268000
174.74171106 -40.30569116
174.74786706 -40.29870198
174.75402179 -40.29171248
174.76017527 -40.28472264
174.76632748 -40.27773246
174.77247843 -40.27074194
174.77862811 -40.26375109
174.78477654 -40.25675990
174.79092371 -40.24976837
174.79706962 -40.24277650
174.80340408 -40.23540673
174.80973718 -40.22803660
174.81606891 -40.22066612
174.82239927 -40.21329527
174.82872827 -40.20592407
174.83505590 -40.19855251
174.84138217 -40.19118059
174.84770708 -40.18380832
174.85403062 -40.17643569
174.86035280 -40.16906270
174.86619017 -40.16168400
174.87202629 -40.15430500
174.87786114 -40.14692569
174.88369474 -40.13954608
174.88952708 -40.13216616
174.89535817 -40.12478594
174.90118800 -40.11740541
174.90701657 -40.11002457
174.91284389 -40.10264343
174.91963018 -40.09567628
174.92641508 -40.08870875
174.93319861 -40.08174080
174.93998076 -40.07477246
174.94676153 -40.06780370
174.95354093 -40.06083454
174.96031896 -40.05386497
174.96709560 -40.04689500
174.97334364 -40.03963625
174.97959036 -40.03237715
174.98583577 -40.02511770
174.99207985 -40.01785791
174.99832262 -40.01059777
175.00456406 -40.00333726
175.01080417 -39.99607639
175.01704296 -39.98881517
175.02328043 -39.98155360
175.02951659 -39.97429169
175.03522300 -39.96654740
175.04092813 -39.95880282
175.04663198 -39.95105794
175.05233454 -39.94331277
175.05803583 -39.93556731
175.06373583 -39.92782156
175.06943455 -39.92007552
175.07513199 -39.91232918
175.08082816 -39.90458256
175.08652303 -39.89683563
175.09221662 -39.88908839
175.09790892 -39.88134086
175.10359995 -39.87359304
175.10928969 -39.86584493
175.11497816 -39.85809653
175.12066536 -39.85034784
175.12635129 -39.84259887
175.13203594 -39.83484960
175.13771933 -39.82710005
175.14340144 -39.81935022
175.14908228 -39.81160009
175.15476186 -39.80384968
175.16044016 -39.79609899
175.16611720 -39.78834801
175.17179297 -39.78059674
175.17746748 -39.77284518
175.18314072 -39.76509334
175.18881269 -39.75734121
175.19448340 -39.74958879
175.20015284 -39.74183608
175.20582103 -39.73408309
175.21148796 -39.72632982
175.21715362 -39.71857626
175.22281802 -39.71082241
175.22616370 -39.70300851
175.22950863 -39.69519450
175.23285281 -39.68738038
175.23619624 -39.67956615
175.23953892 -39.67175181
175.24288085 -39.66393737
175.24551562 -39.65613674
175.24814981 -39.64833603
175.25078340 -39.64053525
175.25341641 -39.63273440
175.25604883 -39.62493348
175.25868066 -39.61713249
175.26131190 -39.60933142
175.26394256 -39.60153028
175.26377248 -39.59254295
175.26360243 -39.58355561
175.26343244 -39.57456825
175.26326249 -39.56558086
175.26309258 -39.55659346
175.26292272 -39.54760605
175.26275291 -39.53861861
175.26258314 -39.52963116
175.26241342 -39.52064368
175.26224374 -39.51165619
175.26207410 -39.50266868
175.26190451 -39.49368115
175.26173495 -39.48469361
175.26156543 -39.47570605
175.26139596 -39.46671846
175.26122654 -39.45773087
175.26105715 -39.44874325
175.26088782 -39.43975562
175.26071852 -39.43076796
175.26054927 -39.42178030
175.26038007 -39.41279261
175.26021090 -39.40380490
175.26004178 -39.39481718
175.25987270 -39.38582943
175.26116371 -39.37841213
175.26245444 -39.37099480
175.26374491 -39.36357744
175.26503510 -39.35616006
175.26632502 -39.34874265
175.26758307 -39.34037208
175.26884083 -39.33200149
175.27009829 -39.32363086
175.27135545 -39.31526021
175.27261232 -39.30688953
175.27386888 -39.29851882
175.27512516 -39.29014808
175.27871538 -39.28277362
175.28230485 -39.27539905
175.28589358 -39.26802435
175.28948155 -39.26064953
175.29306877 -39.25327459
175.29665524 -39.24589952
175.30024097 -39.23852434
175.30382595 -39.23114903
175.30740850 -39.22372396
175.31099031 -39.21629876
175.31457136 -39.20887345
175.31815166 -39.20144801
175.32173119 -39.19402244
175.32530995 -39.18659674
175.32808080 -39.17795550
175.33085097 -39.16931418
175.33362047 -39.16067277
175.33638929 -39.15203129
175.33915743 -39.14338972
175.34504014 -39.13631306
175.35092167 -39.12923609
175.35680203 -39.12215881
175.36268121 -39.11508122
175.36855922 -39.10800333
175.37443605 -39.10092513
175.37915199 -39.09277239
175.38386684 -39.08461944
175.38858062 -39.07646629
175.39329330 -39.06831293
175.39800491 -39.06015937
175.40271543 -39.05200561
175.40836802 -39.04457252
175.41401942 -39.03713915
175.41966964 -39.02970549
175.42531867 -39.02227155
175.43096653 -39.01483732
175.43661320 -39.00740281
175.44299246 -39.00135947
175.44937067 -38.99531578
175.45574783 -38.98927174
175.46212391 -38.98322735
175.46849891 -38.97718260
175.47487283 -38.97113749
175.48124567 -38.96509204
175.48801349 -38.95915190
175.49478019 -38.95321136
175.50154576 -38.94727043
175.50831020 -38.94132910
175.51507352 -38.93538737
175.52183572 -38.92944524
175.52859679 -38.92350272
175.53553088 -38.91636349
175.54246358 -38.90922385
175.54939490 -38.90208378
175.55632483 -38.89494330
175.56325337 -38.88780240
175.57018052 -38.88066108
175.57710630 -38.87351934
175.58394390 -38.86769935
175.59078038 -38.86187897
175.59761575 -38.85605817
175.60445002 -38.85023699
175.61128317 -38.84441540
175.61811522 -38.83859341
175.62494615 -38.83277102
175.63177596 -38.82694822
175.63880071 -38.82126951
175.64582435 -38.81559036
175.65284687 -38.80991080
175.65986828 -38.80423080
175.66688857 -38.79855038
175.67390773 -38.79286954
175.68092578 -38.78718827
175.68794272 -38.78150658
175.69530431 -38.77492186
175.70266455 -38.76833668
175.71002343 -38.76175104
175.71738097 -38.75516493
175.72473716 -38.74857835
175.73209199 -38.74199131
175.73944547 -38.73540379
175.74679761 -38.72881581
175.75351433 -38.72268999
175.76022991 -38.71656377
175.76694434 -38.71043716
175.77365763 -38.70431017
175.78036977 -38.69818278
175.78708075 -38.69205502
175.79379058 -38.68592687
175.79983419 -38.67947406
175.80587671 -38.67302094
175.81191814 -38.66656750
175.81795850 -38.66011375
175.82399776 -38.65365967
175.83003595 -38.64720528
175.83607306 -38.64075058
175.84141645 -38.63329075
175.84675874 -38.62583067
175.85209993 -38.61837033
175.85744001 -38.61090975
175.86277899 -38.60344891
175.86811686 -38.59598784
175.87345361 -38.58852654
175.87789386 -38.58040629
175.88233312 -38.57228587
175.88677138 -38.56416528
175.89120865 -38.55604451
175.89564492 -38.54792357
175.90008020 -38.53980245
175.90451446 -38.53168115
175.90939520 -38.52388891
175.91427490 -38.51609646
175.91915355 -38.50830380
175.92403115 -38.50051093
175.92890770 -38.49271781
175.93378320 -38.48492447
175.93865766 -38.47713092
175.94287446 -38.46918388
175.94709035 -38.46123668
175.95130531 -38.45328933
175.95551935 -38.44534182
175.95973247 -38.43739415
175.96394467 -38.42944632
175.96815596 -38.42149834
175.97350575 -38.41488328
175.97885456 -38.40826796
175.98420241 -38.40165240
175.98954926 -38.39503657
175.99489514 -38.38842048
176.00024004 -38.38180414
176.00558395 -38.37518754
176.01235583 -38.36824864
176.01912642 -38.36130934
176.02589573 -38.35436966
176.03266374 -38.34742957
176.03943046 -38.34048910
176.04619590 -38.33354823
176.05392342 -38.32720569
176.06164959 -38.32086263
176.06937442 -38.31451907
176.07709790 -38.30817500
176.08482004 -38.30183042
176.09254081 -38.29548534
176.10026020 -38.28913977
176.10849290 -38.28465383
176.11672457 -38.28016733
176.12495523 -38.27568024
176.13318488 -38.27119257
176.14141350 -38.26670433
176.14964111 -38.26221551
176.15786770 -38.25772611
176.16656324 -38.25407495
176.17525791 -38.25042313
176.18395170 -38.24677068
176.19264462 -38.24311757
176.20133666 -38.23946383
176.21002782 -38.23580945
176.21871810 -38.23215443
176.22874097 -38.22931268
176.23876305 -38.22647008
176.24878434 -38.22362662
176.25880483 -38.22078231
176.26882454 -38.21793715
176.27884346 -38.21509113
176.28886159 -38.21224425
176.29824978 -38.20825992
176.30763690 -38.20427486
176.31702297 -38.20028907
176.32640800 -38.19630252
176.33579199 -38.19231522
176.34517496 -38.18832717
176.35455689 -38.18433837
176.36393780 -38.18034882
176.37331767 -38.17635852
176.37969017 -38.16969290
176.38606152 -38.16302692
176.39243170 -38.15636060
176.39880072 -38.14969393
176.40516857 -38.14302693
176.41153527 -38.13635958
176.41790081 -38.12969188
176.42389332 -38.12247274
176.42988464 -38.11525328
176.43587479 -38.10803352
176.44186375 -38.10081345
176.44785152 -38.09359306
176.45383810 -38.08637236
176.45982351 -38.07915135
176.46580774 -38.07193004
176.47179079 -38.06470842
176.47777266 -38.05748650
176.48174002 -38.04954423
176.48570654 -38.04160184
176.48967220 -38.03365930
176.49363700 -38.02571664
176.49760096 -38.01777383
176.50156407 -38.00983090
176.50552634 -38.00188782
176.50948777 -37.99394462
176.51344834 -37.98600127
176.51784944 -37.97805611
176.52224961 -37.97011078
176.52664882 -37.96216529
176.53104710 -37.95421964
176.53544442 -37.94627382
176.53984081 -37.93832783
176.54423625 -37.93038168
176.54863075 -37.92243537
176.55302430 -37.91448890
176.55741691 -37.90654226
176.56180859 -37.89859546
176.56719494 -37.89100500
176.57258019 -37.88341429
176.57796432 -37.87582335
176.58334735 -37.86823216
176.58872927 -37.86064073
176.59411008 -37.85304906
176.59948978 -37.84545715
176.60486840 -37.83786500
176.61024591 -37.83027262
176.61668286 -37.82290768
176.62311852 -37.81554241
176.62955289 -37.80817679
176.63598598 -37.80081082
176.64241781 -37.79344452
176.64884837 -37.78607788
176.65527764 -37.77871089
176.66170562 -37.77134355
176.66813231 -37.76397587
176.67455772 -37.75660785
176.68098185 -37.74923948
176.68740469 -37.74187077
176.69382624 -37.73450171
176.70024651 -37.72713231
176.70666548 -37.71976257
176.71308317 -37.71239249
176.71949957 -37.70502206
176.72591469 -37.69765129
176.73436694 -37.69180465
176.74281785 -37.68595741
176.75126741 -37.68010957
176.75971562 -37.67426113
176.76816249 -37.66841208
176.77660801 -37.66256244
176.78315888 -37.65671881
176.78970871 -37.65087482
176.79625750 -37.64503047
176.80280524 -37.63918576
176.80935195 -37.63334069
176.81589762 -37.62749527
176.82244225 -37.62164949
176.82964038 -37.61602261
176.83683741 -37.61039530
176.84403334 -37.60476755
176.85122817 -37.59913937
176.85842191 -37.59351076
176.86561456 -37.58788171
176.87280611 -37.58225223
176.88229020 -37.57745252
176.89177306 -37.57265206
176.90125467 -37.56785083
176.91073502 -37.56304885
176.92021414 -37.55824610
176.92969201 -37.55344260
176.93916864 -37.54863834
176.94864404 -37.54383332
176.95771559 -37.53927364
176.96678601 -37.53471327
176.97585531 -37.53015220
176.98492348 -37.52559044
176.99399052 -37.52102798
177.00305643 -37.51646483
177.01212119 -37.51190099
177.02118483 -37.50733646
177.03024735 -37.50277123
177.03991582 -37.49969872
177.04958349 -37.49662543
177.05925034 -37.49355133
177.06891638 -37.49047645
177.07858161 -37.48740077
177.08824602 -37.48432429
177.09790961 -37.48124702
177.10751588 -37.47786109
177.11712126 -37.47447438
177.12672575 -37.47108689
177.13632935 -37.46769861
177.14593206 -37.46430955
177.15553387 -37.46091971
177.16513480 -37.45752908
177.17473483 -37.45413768
177.18433398 -37.45074549
177.19393223 -37.44735252
177.20352959 -37.44395877
177.21399127 -37.44139979
177.22445222 -37.43883987
177.23491243 -37.43627902
177.24537190 -37.43371724
177.25583063 -37.43115453
177.26628863 -37.42859089
177.27674588 -37.42602631
177.28720239 -37.42346080
177.29765817 -37.42089436
177.30811320 -37.41832699
177.31856749 -37.41575869
177.32871345 -37.41224994
177.33885844 -37.40874032
177.34900245 -37.40522983
177.35914549 -37.40171847
177.36928755 -37.39820623
177.37942865 -37.39469312
177.38956876 -37.39117914
177.39970791 -37.38766429
177.40984604 -37.38414855
177.41998320 -37.38063195
177.43011938 -37.37711447
177.44025459 -37.37359612
177.45038882 -37.37007690
177.46082087 -37.36791582
177.47125229 -37.36575382
177.48168309 -37.36359088
177.49211326 -37.36142701
177.50254281 -37.35926222
177.51297172 -37.35709649
177.52340001 -37.35492984
177.53382768 -37.35276225
177.54425471 -37.35059374
177.55468112 -37.34842430
177.56510691 -37.34625393
177.57553206 -37.34408263
177.58595659 -37.34191041
177.59638049 -37.33973725
177.60680375 -37.33756316
177.61702396 -37.33501116
177.62724345 -37.33245826
177.63746223 -37.32990448
177.64768028 -37.32734980
177.65789761 -37.32479424
177.66811422 -37.32223778
177.67833012 -37.31968043
177.68854529 -37.31712220
177.69875974 -37.31456307
177.70897346 -37.31200305
177.71918646 -37.30944214
177.72939874 -37.30688034
177.73961030 -37.30431765
177.74982114 -37.30175406
177.76003126 -37.29918959
177.77024065 -37.29662424
177.78044931 -37.29405799
177.79065726 -37.29149086
177.80086448 -37.28892283
166.61879393 -47.40035190
166.62358228 -47.39250017
166.62836917 -47.38464820
166.63315463 -47.37679601
166.63793864 -47.36894358
166.64272120 -47.36109091
166.64750232 -47.35323801
166.65228201 -47.34538488
166.65706025 -47.33753152
166.66183705 -47.32967792
166.66661242 -47.32182410
166.67138635 -47.31397004
166.67615884 -47.30611574
166.68092990 -47.29826122
166.68569950 -47.29040646
166.69046767 -47.28255148
166.69523441 -47.27469626
166.69999972 -47.26684081
166.70427845 -47.25838664
166.70855580 -47.24993227
166.71283177 -47.24147770
166.71710635 -47.23302294
166.72137954 -47.22456799
166.72565135 -47.21611284
166.72992178 -47.20765750
166.73419083 -47.19920197
166.73845849 -47.19074624
166.74272478 -47.18229031
166.74698968 -47.17383419
166.75125321 -47.16537788
166.75551536 -47.15692138
166.75977614 -47.14846468
166.76403555 -47.14000779
166.76829358 -47.13155071
166.77255024 -47.12309344
166.77680553 -47.11463598
166.78105945 -47.10617832
166.78531200 -47.09772047
166.78956317 -47.08926243
166.79381298 -47.08080420
166.79806142 -47.07234578
166.80230851 -47.06388716
166.80655423 -47.05542836
166.81079859 -47.04696937
166.81504158 -47.03851019
166.81928322 -47.03005082
166.82484080 -47.02193011
166.83039669 -47.01380909
166.83595088 -47.00568778
166.84150337 -46.99756616
166.84705415 -46.98944422
166.85260324 -46.98132198
166.85815064 -46.97319945
166.86369635 -46.96507660
166.86924036 -46.95695346
166.87478269 -46.94883001
166.88032333 -46.94070626
166.88586229 -46.93258222
166.89139955 -46.92445787
166.89693514 -46.91633321
166.90246904 -46.90820826
166.90800125 -46.90008301
166.91353179 -46.89195746
166.91906064 -46.88383162
166.92458782 -46.87570547
166.93011331 -46.86757902
166.93563713 -46.85945228
166.94146418 -46.85156811
166.94728952 -46.84368362
166.95311314 -46.83579880
166.95893505 -46.82791365
166.96475526 -46.82002818
166.97057376 -46.81214238
166.97639055 -46.80425625
166.98220563 -46.79636980
166.98801899 -46.78848301
166.99383066 -46.78059590
166.99964062 -46.77270847
167.00544888 -46.76482071
167.01125544 -46.75693262
167.01706029 -46.74904421
167.02286345 -46.74115548
167.02866491 -46.73326643
167.03446468 -46.72537705
167.04026274 -46.71748735
167.04605911 -46.70959732
167.05185379 -46.70170697
167.05764677 -46.69381630
167.06354072 -46.68603536
167.06943296 -46.67825409
167.07532351 -46.67047248
167.08121237 -46.66269054
167.08709953 -46.65490828
167.09298500 -46.64712568
167.09886878 -46.63934275
167.10475087 -46.63155950
167.11063127 -46.62377591
167.11650998 -46.61599200
167.12238700 -46.60820776
167.12826234 -46.60042319
167.13413598 -46.59263828
167.14072166 -46.58550798
167.14730561 -46.57837728
167.15388784 -46.57124617
167.16046834 -46.56411466
167.16704712 -46.55698275
167.17362417 -46.54985043
167.18019951 -46.54271772
167.18677312 -46.53558460
167.19334501 -46.52845109
167.19991518 -46.52131717
167.20648364 -46.51418285
167.21305037 -46.50704814
167.21961539 -46.49991302
167.22617869 -46.49277750
167.23274028 -46.48564158
167.23930015 -46.47850527
167.24595468 -46.47133064
167.25260747 -46.46415561
167.25925852 -46.45698017
167.26590781 -46.44980431
167.27255537 -46.44262805
167.27920118 -46.43545139
167.28584524 -46.42827431
167.29248757 -46.42109683
167.29912815 -46.41391894
167.30576699 -46.40674064
167.31240409 -46.39956193
167.31903945 -46.39238282
167.32567307 -46.38520330
167.33230495 -46.37802338
167.34050550 -46.37127771
167.34870404 -46.36453143
167.35690057 -46.35778454
167.36509508 -46.35103705
167.37328759 -46.34428895
167.38147808 -46.33754025
167.38966657 -46.33079094
167.39785304 -46.32404102
167.40603751 -46.31729049
167.41421997 -46.31053936
167.42240043 -46.30378762
167.43057887 -46.29703529
167.43875532 -46.29028235
167.44692975 -46.28352882
167.45510219 -46.27677469
167.46327262 -46.27001995
167.47144104 -46.26326462
167.47960747 -46.25650869
167.48777189 -46.24975216
167.49593432 -46.24299504
167.50409475 -46.23623731
167.51225318 -46.22947899
167.52040961 -46.22272007
167.52856404 -46.21596056
167.53671648 -46.20920045
167.54486692 -46.20243974
167.55301537 -46.19567843
167.56116183 -46.18891652
167.56930629 -46.18215400
167.57980628 -46.17697763
167.59030431 -46.17180028
167.60080038 -46.16662197
167.61129450 -46.16144268
167.62178666 -46.15626241
167.63227686 -46.15108118
167.64276510 -46.14589897
167.65325139 -46.14071579
167.66373571 -46.13553165
167.67421808 -46.13034653
167.68469849 -46.12516044
167.69517695 -46.11997338
167.70505875 -46.11445501
167.71493858 -46.10893574
167.72481644 -46.10341560
167.73469234 -46.09789459
167.74456627 -46.09237267
167.75443824 -46.08684989
167.76430824 -46.08132625
167.77417627 -46.07580175
167.78404234 -46.07027639
167.79390644 -46.06475018
167.80376858 -46.05922311
167.81362876 -46.05369518
167.82348697 -46.04816640
167.83222113 -46.04224666
167.84095343 -46.03632624
167.84968387 -46.03040516
167.85841244 -46.02448340
167.86713915 -46.01856096
167.87586400 -46.01263785
167.88458700 -46.00671407
167.89330813 -46.00078962
167.90202738 -45.99486451
167.91074474 -45.98893875
167.91946024 -45.98301232
167.92817389 -45.97708521
167.93688568 -45.97115744
167.94559562 -45.96522899
167.95456016 -45.95925410
167.96352278 -45.95327851
167.97248347 -45.94730220
167.98144224 -45.94132518
167.99039909 -45.93534745
167.99935402 -45.92936901
168.00830699 -45.92338989
168.01725804 -45.91741006
168.02620717 -45.91142951
168.03515439 -45.90544826
168.04409969 -45.89946629
168.05304308 -45.89348363
168.06198456 -45.88750025
168.07092412 -45.88151617
168.07986177 -45.87553138
168.08828489 -45.86888842
168.09670602 -45.86224484
168.10512515 -45.85560062
168.11354228 -45.84895578
168.12195741 -45.84231030
168.13037055 -45.83566420
168.13878169 -45.82901746
168.14719083 -45.82237009
168.15559799 -45.81572210
168.16400314 -45.80907347
168.17240631 -45.80242421
168.18080747 -45.79577431
168.18920663 -45.78912376
168.19760379 -45.78247258
168.20599896 -45.77582075
168.21489354 -45.76962598
168.22378614 -45.76343051
168.23267678 -45.75723433
168.24156546 -45.75103745
168.25045217 -45.74483988
168.25933692 -45.73864160
168.26821970 -45.73244262
168.27710052 -45.72624295
168.28597938 -45.72004257
168.29485628 -45.71384150
168.30373122 -45.70763972
168.31260420 -45.70143723
168.32138077 -45.69534950
168.33015544 -45.68926108
168.33892820 -45.68317198
168.34769907 -45.67708220
168.35646803 -45.67099174
168.36523510 -45.66490060
168.37400026 -45.65880877
168.38276353 -45.65271627
168.39152490 -45.64662308
168.40028437 -45.64052921
168.40904194 -45.63443467
168.41779762 -45.62833944
168.42655140 -45.62224353
168.43530329 -45.61614695
168.44405328 -45.61004968
168.45318546 -45.60374808
168.46231560 -45.59744574
168.47144374 -45.59114265
168.48056983 -45.58483883
168.48969389 -45.57853426
168.49881590 -45.57222896
168.50793587 -45.56592292
168.51705380 -45.55961614
168.52616968 -45.55330862
168.53528353 -45.54700037
168.54439534 -45.54069139
168.55350510 -45.53438167
168.56244012 -45.52847959
168.57137327 -45.52257680
168.58030455 -45.51667331
168.58923396 -45.51076911
168.59816151 -45.50486421
168.60708718 -45.49895860
168.61601100 -45.49305229
168.62493295 -45.48714528
168.63385303 -45.48123756
168.64277125 -45.47532915
168.65168761 -45.46942003
168.66060210 -45.46351021
168.66951473 -45.45759969
168.67842550 -45.45168847
168.68733440 -45.44577655
168.69624145 -45.43986393
168.70514664 -45.43395062
168.71394723 -45.42751862
168.72274582 -45.42108593
168.73154241 -45.41465256
168.74033700 -45.40821851
168.74912959 -45.40178377
168.75792020 -45.39534836
168.76670881 -45.38891227
168.77549542 -45.38247550
168.78428004 -45.37603804
168.79306265 -45.36959990
168.80184328 -45.36316109
168.81062192 -45.35672161
168.81772997 -45.34958595
168.82483623 -45.34244984
168.83194070 -45.33531328
168.83904339 -45.32817627
168.84614429 -45.32103881
168.85324341 -45.31390090
168.86034074 -45.30676255
168.86743628 -45.29962374
168.87453007 -45.29248450
168.88162208 -45.28534482
168.88847790 -45.27793817
168.89533194 -45.27053109
168.90218420 -45.26312360
168.90903467 -45.25571569
168.91588336 -45.24830735
168.92273027 -45.24089860
168.92957539 -45.23348943
168.93641874 -45.22607984
168.94326030 -45.21866983
168.95010008 -45.21125941
168.95693809 -45.20384856
168.96377432 -45.19643730
168.97145775 -45.18980703
168.97913939 -45.18317624
168.98681925 -45.17654492
168.99449732 -45.16991307
169.00217360 -45.16328070
169.00984809 -45.15664781
169.01752079 -45.15001440
169.02519171 -45.14338046
169.03286085 -45.13674599
169.04052820 -45.13011101
169.04819378 -45.12347550
169.05585757 -45.11683947
169.06351958 -45.11020292
169.07117981 -45.10356585
169.07836903 -45.09675637
169.08555655 -45.08994643
169.09274237 -45.08313602
169.09992648 -45.07632516
169.10710886 -45.06951384
169.11428954 -45.06270207
169.12146850 -45.05588983
169.12864575 -45.04907714
169.13582130 -45.04226399
169.14299514 -45.03545038
169.15016727 -45.02863631
169.15733770 -45.02182178
169.16512780 -45.01538637
169.17291615 -45.00895041
169.18070275 -45.00251392
169.18848760 -44.99607689
169.19627070 -44.98963933
169.20405206 -44.98320122
169.21183166 -44.97676258
169.21960952 -44.97032340
169.22738564 -44.96388369
169.23516001 -44.95744344
169.24293263 -44.95100265
169.25070351 -44.94456133
169.25847265 -44.93811947
169.26678093 -44.93221116
169.27508750 -44.92630225
169.28339236 -44.92039273
169.29169551 -44.91448259
169.29999696 -44.90857185
169.30829668 -44.90266049
169.31659470 -44.89674852
169.32489101 -44.89083595
169.33318561 -44.88492277
169.34147850 -44.87900898
169.34976969 -44.87309458
169.35973788 -44.86774681
169.36970422 -44.86239817
169.37966871 -44.85704865
169.38963135 -44.85169826
169.39959213 -44.84634699
169.40955107 -44.84099484
169.41950816 -44.83564181
169.42946339 -44.83028791
169.44018123 -44.82751867
169.45089803 -44.82474842
169.46161380 -44.82197716
169.47232855 -44.81920489
169.48304226 -44.81643162
169.49375495 -44.81365733
169.50446660 -44.81088203
169.51517723 -44.80810573
169.52588682 -44.80532842
169.53659539 -44.80255010
169.54743132 -44.79980108
169.55826622 -44.79705102
169.56910010 -44.79429992
169.57993294 -44.79154780
169.59076475 -44.78879464
169.60159553 -44.78604046
169.61242528 -44.78328524
169.62325400 -44.78052899
169.63408169 -44.77777171
169.64498760 -44.77427428
169.65589219 -44.77077581
169.66679547 -44.76727629
169.67769742 -44.76377573
169.68859805 -44.76027412
169.69949737 -44.75677147
169.71039536 -44.75326778
169.72129203 -44.74976304
169.73218739 -44.74625726
169.74218089 -44.74262306
169.75217313 -44.73898798
169.76216413 -44.73535202
169.77215386 -44.73171518
169.78214234 -44.72807747
169.79212957 -44.72443888
169.80211555 -44.72079941
169.81104969 -44.71627918
169.81998245 -44.71175825
169.82891380 -44.70723661
169.83784377 -44.70271428
169.84677235 -44.69819124
169.85573753 -44.69295365
169.86470109 -44.68771536
169.87366303 -44.68247635
169.88262336 -44.67723664
169.89158206 -44.67199622
169.90003786 -44.66596729
169.90849192 -44.65993772
169.91694422 -44.65390752
169.92539476 -44.64787669
169.93384355 -44.64184523
169.94229059 -44.63581314
169.95073587 -44.62978042
169.95917940 -44.62374707
169.96727921 -44.61760487
169.97537731 -44.61146210
169.98347370 -44.60531874
169.99156838 -44.59917480
169.99966136 -44.59303028
170.00775263 -44.58688518
170.01580529 -44.58009322
170.02385607 -44.57330068
170.03190498 -44.56650757
170.03995201 -44.55971388
170.04799718 -44.55291962
170.05604047 -44.54612479
170.06408189 -44.53932938
170.07212144 -44.53253340
170.07934211 -44.52541842
170.08656103 -44.51830298
170.09377820 -44.51118708
170.10099360 -44.50407072
170.10820722 -44.49695391
170.11541907 -44.48983664
170.12262918 -44.48271891
170.12983752 -44.47560072
170.13589608 -44.46826223
170.14195312 -44.46092340
170.14800863 -44.45358425
170.15406263 -44.44624477
170.16011510 -44.43890497
170.16616606 -44.43156483
170.17221550 -44.42422437
170.17897496 -44.41690092
170.18573273 -44.40957706
170.19248881 -44.40225280
170.19924320 -44.39492812
170.20599589 -44.38760304
170.21274689 -44.38027754
170.21949621 -44.37295165
170.22648160 -44.36561403
170.23346524 -44.35827597
170.24044713 -44.35093748
170.24742728 -44.34359856
170.25440567 -44.33625920
170.26138232 -44.32891941
170.26835722 -44.32157918
170.27533038 -44.31423853
170.28230179 -44.30689744
170.28927146 -44.29955592
170.29644378 -44.29227832
170.30361434 -44.28500026
170.31078313 -44.27772175
170.31795014 -44.27044278
170.32511538 -44.26316335
170.33227884 -44.25588346
170.33944053 -44.24860312
170.34660045 -44.24132232
170.35375860 -44.23404106
170.36091497 -44.22675935
170.36806958 -44.21947718
170.37522242 -44.21219455
170.38237349 -44.20491147
170.38952279 -44.19762794
170.39667035 -44.19034396
170.40381616 -44.18305952
170.41104561 -44.17666997
170.41827350 -44.17027995
170.42549983 -44.16388947
170.43272460 -44.15749852
170.43994780 -44.15110710
170.44716944 -44.14471522
170.45438953 -44.13832288
170.46160805 -44.13193007
170.46882501 -44.12553679
170.47604042 -44.11914305
170.48430766 -44.11353760
170.49257334 -44.10793155
170.50083746 -44.10232490
170.50910001 -44.09671763
170.51736100 -44.09110974
170.52562042 -44.08550125
170.53387829 -44.07989215
170.54271715 -44.07478647
170.55155449 -44.06968011
170.56039031 -44.06457305
170.56922460 -44.05946530
170.57805738 -44.05435686
170.58688863 -44.04924773
170.59571836 -44.04413791
170.60454658 -44.03902740
170.61337327 -44.03391620
170.62242951 -44.02933849
170.63148436 -44.02476006
170.64053781 -44.02018091
170.64958987 -44.01560103
170.65864053 -44.01102043
170.66768979 -44.00643911
170.67673766 -44.00185707
170.68578413 -43.99727430
170.69549834 -43.99257184
170.70521101 -43.98786854
170.71492215 -43.98316442
170.72463176 -43.97845946
170.73433983 -43.97375367
170.74404636 -43.96904706
170.75375136 -43.96433961
170.76345482 -43.95963134
170.77315674 -43.95492224
170.78411908 -43.95076597
170.79507989 -43.94660865
170.80603916 -43.94245027
170.81699691 -43.93829084
170.82795313 -43.93413036
170.83890782 -43.92996882
170.84986098 -43.92580623
170.86081261 -43.92164258
170.87176271 -43.91747788
170.88207558 -43.91387796
170.89238721 -43.91027710
170.90269760 -43.90667531
170.91300675 -43.90307260
170.92331465 -43.89946896
170.93362131 -43.89586438
170.94392673 -43.89225886
170.95423090 -43.88865242
170.96453382 -43.88504503
170.97483550 -43.88143672
170.98513593 -43.87782748
170.99575077 -43.87429047
171.00636435 -43.87075247
171.01697667 -43.86721348
171.02758773 -43.86367351
171.03819754 -43.86013255
171.04880609 -43.85659060
171.05941338 -43.85304766
171.07001942 -43.84950374
171.08110762 -43.84585109
171.09219447 -43.84219735
171.10327995 -43.83854255
171.11436407 -43.83488669
171.12544683 -43.83122974
171.13652824 -43.82757173
171.14760830 -43.82391263
171.15868700 -43.82025246
171.16976434 -43.81659121
171.18098281 -43.81274918
171.19219984 -43.80890604
171.20341543 -43.80506180
171.21462956 -43.80121646
171.22584227 -43.79737003
171.23705353 -43.79352248
171.24826335 -43.78967384
171.25947173 -43.78582410
171.27069641 -43.78294948
171.28192001 -43.78007376
171.29314254 -43.77719694
171.30436398 -43.77431901
171.31558435 -43.77143999
171.32680363 -43.76855986
171.33802184 -43.76567863
171.34923897 -43.76279630
171.36045502 -43.75991287
171.37202177 -43.75752483
171.38358760 -43.75513561
171.39515251 -43.75274523
171.40671646 -43.75035366
171.41827947 -43.74796093
171.42984154 -43.74556702
171.44140269 -43.74317195
171.45283418 -43.73996969
171.46426445 -43.73676629
171.47569349 -43.73356175
171.48712131 -43.73035606
171.49854791 -43.72714924
171.50997328 -43.72394127
171.52139742 -43.72073215
171.53282034 -43.71752190
171.54424204 -43.71431051
171.55566251 -43.71109797
171.56708176 -43.70788430
171.57768742 -43.70483990
171.58829200 -43.70179452
171.59889550 -43.69874815
171.60949799 -43.69570084
171.62009941 -43.69265255
171.63069976 -43.68960328
171.64129902 -43.68655303
171.65189722 -43.68350179
171.66249433 -43.68044958
171.67309037 -43.67739638
171.68368533 -43.67434221
171.69427922 -43.67128705
171.70582317 -43.66850626
171.71736607 -43.66572431
171.72890791 -43.66294120
171.74044867 -43.66015693
171.75198836 -43.65737149
171.76352698 -43.65458489
171.77506454 -43.65179713
171.78660102 -43.64900821
171.79813643 -43.64621813
171.80913983 -43.64262748
171.82014193 -43.63903577
171.83114271 -43.63544301
171.84214219 -43.63184919
171.85314034 -43.62825432
171.86413719 -43.62465839
171.87513272 -43.62106140
171.88612694 -43.61746336
171.89711984 -43.61386427
171.90863930 -43.61129459
171.92015780 -43.60872376
171.93167532 -43.60615177
171.94319185 -43.60357862
171.95470739 -43.60100432
171.96622195 -43.59842886
171.97773552 -43.59585224
171.98924811 -43.59327447
172.00076461 -43.59039787
172.01227999 -43.58752012
172.02379428 -43.58464121
172.03530746 -43.58176115
172.04681955 -43.57887993
172.05833052 -43.57599756
172.06948355 -43.57264804
172.08063534 -43.56929745
172.09178589 -43.56594577
172.10293519 -43.56259300
172.11408324 -43.55923915
172.12523005 -43.55588421
172.13637562 -43.55252819
172.14751995 -43.54917109
172.15866304 -43.54581292
172.16992269 -43.54334290
172.18118141 -43.54087178
172.19243921 -43.53839956
172.20369608 -43.53592624
172.21495202 -43.53345181
172.22620703 -43.53097628
172.23746112 -43.52849964
172.24813362 -43.52571191
172.25880513 -43.52292319
172.26947566 -43.52013347
172.28014520 -43.51734277
172.29081375 -43.51455108
172.30148131 -43.51175840
172.31214788 -43.50896474
172.32281345 -43.50617009
172.33347804 -43.50337446
172.34414163 -43.50057783
172.35546355 -43.49730760
172.36678423 -43.49403624
172.37810369 -43.49076377
172.38942192 -43.48749019
172.40073892 -43.48421551
172.41205466 -43.48093975
172.42336918 -43.47766289
172.43468247 -43.47438493
172.44599453 -43.47110585
172.45730537 -43.46782567
172.46859544 -43.46470307
172.47988434 -43.46157936
172.49117207 -43.45845455
172.50245864 -43.45532863
172.51374404 -43.45220162
172.52502827 -43.44907351
172.53631133 -43.44594429
172.54759323 -43.44281397
172.55887396 -43.43968256
172.56972540 -43.43669339
172.58057577 -43.43370321
172.59142508 -43.43071201
172.60227330 -43.42771978
172.61312044 -43.42472649
172.62396652 -43.42173217
172.63481152 -43.41873684
172.64565545 -43.41574049
172.65649832 -43.41274313
172.66734013 -43.40974475
172.67818088 -43.40674536
172.68902056 -43.40374496
172.69985918 -43.40074356
172.71069674 -43.39774113
172.72136552 -43.39355585
172.73203283 -43.38936959
172.74269866 -43.38518234
172.75336302 -43.38099410
172.76402589 -43.37680486
172.77468729 -43.37261463
172.78534723 -43.36842341
172.79600569 -43.36423119
172.80666269 -43.36003799
172.81731823 -43.35584380
172.82760976 -43.35204948
172.83790000 -43.34825425
172.84818896 -43.34445811
172.85847664 -43.34066105
172.86876304 -43.33686308
172.87904815 -43.33306419
172.88933199 -43.32926440
172.89961454 -43.32546369
172.90989581 -43.32166205
172.92017580 -43.31785951
172.92996660 -43.31297083
172.93975583 -43.30808132
172.94954350 -43.30319099
172.95932961 -43.29829983
172.96911416 -43.29340784
172.97889714 -43.28851502
172.98867856 -43.28362138
172.99845841 -43.27872691
173.00823670 -43.27383162
173.01747021 -43.26867096
173.02670216 -43.26350956
173.03593255 -43.25834743
173.04516140 -43.25318456
173.05438869 -43.24802096
173.06361442 -43.24285662
173.07283861 -43.23769155
173.08206124 -43.23252575
173.09128233 -43.22735921
173.10050186 -43.22219194
173.10971983 -43.21702394
173.11893626 -43.21185521
173.12760879 -43.20681863
173.13627989 -43.20178141
173.14494958 -43.19674353
173.15361786 -43.19170501
173.16228471 -43.18666584
173.17095014 -43.18162602
173.17961416 -43.17658555
173.18827676 -43.17154444
173.19693794 -43.16650268
173.20525583 -43.16053471
173.21357212 -43.15456615
173.22188679 -43.14859699
173.23019986 -43.14262724
173.23851133 -43.13665689
173.24682119 -43.13068595
173.25512944 -43.12471441
173.26343609 -43.11874227
173.27298612 -43.11356052
173.28253454 -43.10837799
173.29208136 -43.10319467
173.30162658 -43.09801057
173.31117020 -43.09282569
173.32071221 -43.08764002
173.33025262 -43.08245356
173.33979143 -43.07726633
173.34932864 -43.07207831
173.35796122 -43.06675995
173.36659232 -43.06144095
173.37522193 -43.05612131
173.38385007 -43.05080103
173.39247672 -43.04548011
173.40110189 -43.04015855
173.40972558 -43.03483635
173.41834779 -43.02951350
173.42696852 -43.02419002
173.43597898 -43.01956380
173.44498810 -43.01493688
173.45399587 -43.01030926
173.46300229 -43.00568095
173.47200737 -43.00105194
173.48101110 -42.99642224
173.49001348 -42.99179184
173.50052871 -42.98817497
173.51104271 -42.98455715
173.52155548 -42.98093838
173.53206700 -42.97731866
173.54257729 -42.97369799
173.55308635 -42.97007637
173.56359417 -42.96645380
173.57410075 -42.96283029
173.58459919 -42.95846160
173.59509615 -42.95409197
173.60559164 -42.94972139
173.61608565 -42.94534988
173.62657817 -42.94097741
173.63706921 -42.93660401
173.64755877 -42.93222965
173.65804684 -42.92785436
173.66812522 -42.92318275
173.67820207 -42.91851027
173.68827741 -42.91383691
173.69835122 -42.90916269
173.70842352 -42.90448760
173.71849431 -42.89981163
173.72856357 -42.89513479
173.73863132 -42.89045709
173.74877957 -42.88586730
173.75892631 -42.88127662
173.76907156 -42.87668507
173.77921531 -42.87209263
173.78935756 -42.86749931
173.79949831 -42.86290510
173.80963757 -42.85831002
173.81977533 -42.85371406
173.82991159 -42.84911722
173.84004635 -42.84451949
173.84985442 -42.83980418
173.85966100 -42.83508804
173.86946610 -42.83037108
173.87926972 -42.82565330
173.88907185 -42.82093470
173.89887250 -42.81621527
173.90867168 -42.81149503
173.91846938 -42.80677396
173.92826560 -42.80205208
173.93806034 -42.79732938
