176.298000 -38.587000
176.292854 -38.592395
176.287708 -38.597790
176.282561 -38.603184
176.277413 -38.608579
176.272264 -38.613973
176.267115 -38.619367
176.261965 -38.624760
176.256814 -38.630154
176.251662 -38.635547
176.246509 -38.640940
176.241356 -38.646332
176.236202 -38.651725
176.231047 -38.657117
176.225891 -38.662509
176.220735 -38.667901
176.215578 -38.673293
176.210420 -38.678684
176.205261 -38.684075
176.200102 -38.689466
176.194941 -38.694857
176.189780 -38.700247
176.184618 -38.705638
176.179456 -38.711028
176.174292 -38.716417
176.169128 -38.721807
176.163963 -38.727196
176.158797 -38.732585
176.153631 -38.737974
176.148463 -38.743363
176.143295 -38.748751
176.138127 -38.754139
176.132957 -38.759527
176.127786 -38.764915
176.122615 -38.770303
176.117443 -38.775690
176.112270 -38.781077
176.107097 -38.786464
176.101922 -38.791850
176.096747 -38.797237
176.091571 -38.802623
176.086395 -38.808009
176.081217 -38.813395
176.076039 -38.818780
176.070860 -38.824165
176.065680 -38.829550
176.060500 -38.834935
176.055318 -38.840320
176.050136 -38.845704
176.044953 -38.851088
176.039769 -38.856472
176.034585 -38.861855
176.029399 -38.867239
176.024213 -38.872622
176.019026 -38.878005
176.013839 -38.883388
176.008650 -38.888770
176.003461 -38.894152
175.998271 -38.899534
175.993080 -38.904916
175.987889 -38.910298
175.982696 -38.915679
175.977503 -38.921060
175.972309 -38.926441
175.967114 -38.931822
175.961919 -38.937202
175.956722 -38.942582
175.951525 -38.947962
175.946327 -38.953342
175.941129 -38.958721
175.935929 -38.964101
175.930729 -38.969480
175.925528 -38.974858
175.920326 -38.980237
175.915123 -38.985615
175.909920 -38.990993
175.904716 -38.996371
175.899511 -39.001749
175.894305 -39.007126
175.889098 -39.012503
175.883891 -39.017880
175.878683 -39.023257
175.873474 -39.028634
175.868264 -39.034010
175.863053 -39.039386
175.857842 -39.044762
175.852630 -39.050137
175.847417 -39.055513
175.842203 -39.060888
175.836989 -39.066263
175.831773 -39.071637
175.826557 -39.077012
175.821340 -39.082386
175.816123 -39.087760
175.810904 -39.093133
175.805685 -39.098507
175.800465 -39.103880
175.795244 -39.109253
175.790022 -39.114626
175.784800 -39.119998
175.779576 -39.125371
175.774352 -39.130743
175.769127 -39.136114
175.763902 -39.141486
175.758675 -39.146857
175.753448 -39.152229
175.748220 -39.157599
175.742991 -39.162970
175.737761 -39.168341
175.732531 -39.173711
175.727300 -39.179081
175.722068 -39.184450
175.716835 -39.189820
175.711601 -39.195189
175.706367 -39.200558
175.701131 -39.205927
175.695895 -39.211296
175.690658 -39.216664
175.685421 -39.222032
175.680182 -39.227400
175.674943 -39.232767
175.669703 -39.238135
175.664462 -39.243502
175.659220 -39.248869
175.653978 -39.254236
175.648735 -39.259602
175.643491 -39.264968
175.638246 -39.270334
175.633000 -39.275700
